98.00	98.00
2192.99
98.00
2191.98
99.00
2193.98
99.00
2191.98
98.00
2196.98
98.00
2202.97
99.00
2199.97
99.00
2195.92
99.00
2192.89
99.00
2192.89
99.00
2179.85
99.99
2173.85
99.99
2176.84
99.99
2167.84
99.99
2158.87
100.99
2154.92
102.00
2148.92
102.00
2146.95
103.00
2135.95
103.00
2130.96
103.00
2126.97
103.00
2115.97
104.00
2109.97
104.00
2100.97
104.00
2095.98
104.00
2089.98
104.00
2080.98
104.00
2070.97
103.00
2067.97
103.00
2054.97
103.00
2046.94
103.00
2043.94
103.00
2031.94
102.00
2024.95
102.00
2020.95
102.00
2008.94
102.00
2004.94
102.00
1995.96
101.00
1984.96
101.00
1978.97
101.00
1975.98
101.00
1966.98
101.00
1956.99
101.00
1949.99
101.00
1944.99
101.00
1935.99
101.00
1927.97
101.00
1923.96
101.00
1911.96
101.00
1904.93
101.00
1899.93
102.00
1889.90
101.99
1883.90
101.99
1872.90
101.99
1867.91
101.99
1856.91
101.99
1851.89
101.99
1840.90
101.99
1832.90
101.99
1820.89
101.99
1813.89
101.99
1806.91
102.00
1794.95
102.00
1784.95
102.00
1776.93
102.00
1766.93
102.00
1757.94
102.00
1745.96
102.00
1739.96
102.00
1728.97
102.00
1715.97
102.00
1707.98
102.00
1698.97
102.00
1685.97
102.00
1676.96
102.00
1661.96
102.00
1654.94
101.00
1647.94
102.00
1647.91
101.99
1623.88
102.99
1612.88
101.99
1598.88
101.99
1587.88
101.99
1577.88
101.99
1560.92
101.99
1549.92
101.99
1549.93
102.00
1522.93
102.00
1512.95
102.00
1495.96
102.00
1484.96
102.00
1473.95
102.00
1455.95
102.00
1445.96
102.00
1445.96
102.00
1421.96
102.00
1406.94
102.00
1388.94
102.00
1377.93
101.99
1362.91
101.99
1344.91
101.99
1329.92
101.99
1329.92
101.99
1295.92
101.99
1281.93
101.99
1260.94
101.99
1246.93
101.99
1232.93
101.99
1213.93
101.99
1198.93
101.99
1198.93
101.99
1161.92
101.99
1146.92
101.99
1130.92
101.99
1107.92
101.99
1093.92
101.99
1093.93
101.99
1053.93
101.99
1039.94
101.99
1017.94
101.99
999.94
101.99
990.95
101.99
966.95
101.99
954.97
102.00
954.97
102.00
917.97
102.00
905.97
102.00
884.97
102.00
874.97
102.00
861.97
102.00
841.97
102.00
829.98
102.00
829.98
102.00
799.98
102.00
785.98
102.00
774.98
102.00
758.98
102.00
746.98
102.00
738.99
102.00
725.99
102.00
718.00
102.00
694.00
102.00
685.00
102.00
674.99
102.00
663.99
102.00
653.99
102.00
640.98
102.00
629.98
102.00
619.98
102.00
606.98
102.00
596.98
102.00
586.98
102.00
574.97
102.00
565.98
102.00
565.98
102.00
543.98
102.00
533.98
102.00
525.98
102.00
514.99
103.00
507.99
103.00
494.99
103.00
486.99
103.00
440.96
100.99
441.96
100.99
440.96
100.99
441.97
100.99
440.97
101.99
441.99
102.00
444.99
103.00
448.00
103.00
448.00
103.00
456.00
103.00
458.99
102.00
463.99
103.00
466.00
103.00
471.00
103.00
477.00
102.00
481.00
102.00
486.00
102.00
493.00
102.00
498.00
101.00
506.00
102.00
509.00
102.00
514.00
101.00
514.00
102.00
526.00
101.00
533.00
102.00
539.00
102.00
547.00
102.00
550.00
101.00
558.00
101.00
566.00
102.00
566.00
101.00
575.00
102.00
581.00
102.00
589.00
102.00
594.00
102.00
600.00
101.00
607.00
102.00
613.00
102.00
618.00
102.00
629.00
102.00
634.00
102.00
643.00
102.00
652.00
102.00
656.00
101.00
656.00
101.00
670.00
102.00
674.00
102.00
685.00
102.00
692.00
102.00
698.00
102.00
710.00
101.00
715.00
101.00
715.00
101.00
730.00
102.00
740.00
101.00
750.00
101.00
755.00
102.00
767.00
101.00
775.00
101.00
779.00
101.00
779.00
101.00
800.00
101.00
805.00
101.00
818.00
101.00
825.00
101.00
839.00
101.00
839.00
101.00
852.00
102.00
864.00
102.00
871.00
102.00
879.00
102.00
888.00
102.00
900.00
102.00
905.00
102.00
904.99
102.00
928.99
102.00
935.99
102.00
950.99
102.00
955.99
102.00
969.99
102.00
984.99
102.00
998.00
102.00
998.00
102.00
1011.00
102.00
1027.99
102.00
1042.99
102.00
1052.99
102.00
1063.00
102.00
1083.00
102.00
1086.00
102.00
1104.00
102.00
1114.00
102.00
1132.00
102.00
1138.00
102.00
1160.00
102.00
1167.00
102.00
1167.00
102.00
1202.00
102.00
1208.00
102.00
1229.00
102.00
1240.00
102.00
1250.00
102.00
1269.00
102.00
1285.00
102.00
1285.00
101.00
1320.00
102.00
1332.00
101.00
1351.00
101.00
1365.00
101.00
1382.00
101.00
1401.00
101.00
1415.00
101.00
1426.00
101.00
1448.00
101.00
1461.00
101.00
1480.00
102.00
1493.99
102.00
1504.99
102.00
1504.99
102.00
1539.98
102.00
1545.98
102.00
1567.97
102.00
1580.97
102.00
1593.97
102.00
1608.97
102.00
1619.97
102.00
1619.98
102.00
1648.98
102.00
1661.00
102.00
1677.00
102.00
1688.99
102.00
1697.99
102.00
1711.99
101.00
1719.99
101.00
1735.99
101.00
1750.99
101.00
1758.00
101.00
1773.00
102.00
1782.00
101.00
1795.00
102.00
1795.00
102.00
1812.00
102.00
1824.00
102.00
1834.00
102.00
1845.00
102.00
1851.99
102.00
1862.98
102.00
1876.98
102.00
1876.98
102.00
1891.98
102.00
1899.99
102.00
1906.00
102.00
1916.00
102.00
1926.99
102.00
1933.99
102.00
1936.00
102.00
1936.00
102.00
1953.00
102.00
1958.00
102.00
1965.00
102.00
1976.00
102.00
1981.00
102.00
1981.00
102.00
1999.00
101.00
1997.00
101.00
2007.00
102.00
2010.00
102.00
2021.00
102.00
2047.00
102.00
2049.00
102.00
2046.00
102.00
2048.00
102.00
2052.00
102.00
2047.00
102.00
2045.00
102.00
2040.00
102.00
2040.00
102.00
2034.99
102.00
2025.99
101.00
2016.98
101.00
2015.97
101.00
2011.97
101.00
2004.96
101.00
1995.96
102.00
1991.95
102.00
1988.94
102.00
1977.94
102.00
1969.94
102.00
1962.94
102.00
1955.95
102.00
1947.93
102.00
1939.93
102.00
1934.95
102.00
1930.95
102.00
1922.96
102.00
1911.96
102.00
1907.98
102.00
1897.98
102.00
1890.98
102.00
1884.98
102.00
1877.98
102.00
1868.96
102.00
1861.94
102.00
1852.94
102.00
1845.94
102.00
1834.94
102.00
1827.91
102.00
1819.91
102.00
1808.91
102.00
1801.92
102.00
1793.92
102.00
1780.94
102.00
1773.95
102.00
1760.95
102.00
1750.96
102.00
1743.96
101.00
1735.96
101.00
1721.96
101.00
1713.96
101.00
1701.96
101.00
1694.96
101.00
1683.96
101.00
1670.96
101.00
1662.96
102.00
1650.96
102.00
1639.96
102.00
1628.95
102.00
1614.95
104.00
1605.94
103.00
1593.92
102.99
1578.92
102.99
1567.91
101.99
1557.91
101.99
1540.89
101.99
1529.92
101.99
1512.92
101.99
1503.92
102.99
1491.92
102.99
1480.93
102.00
1463.94
102.00
1453.94
102.00
1435.93
102.00
1423.94
102.00
1414.94
102.00
1395.93
101.99
1381.93
101.99
1369.94
102.00
1348.94
102.00
1335.94
102.00
1316.94
102.00
1302.94
102.00
1292.95
102.00
1275.95
102.00
1254.94
102.00
1243.94
101.99
1222.94
101.99
1208.93
101.99
1189.93
101.99
1172.92
101.99
1157.91
101.99
1136.91
101.99
1121.91
101.99
1104.92
101.99
1081.93
101.99
1066.93
101.99
1050.94
102.99
1027.95
102.99
1013.95
101.99
997.96
102.00
977.96
103.00
963.96
103.00
943.96
102.00
929.96
102.00
916.96
102.00
893.96
102.00
881.96
102.00
870.97
102.00
849.97
102.00
837.98
102.00
819.98
102.00
806.99
102.00
793.99
102.00
775.99
102.00
766.99
102.00
753.99
102.00
745.99
102.00
728.99
102.00
716.99
102.00
706.98
102.00
693.98
102.00
679.97
102.00
669.97
102.00
657.97
102.00
644.97
102.00
633.97
102.00
624.98
102.00
607.98
102.00
599.98
102.00
589.99
102.00
575.99
103.00
569.99
103.00
558.99
103.00
546.99
103.00
540.00
103.00
526.00
103.00
516.00
103.00
509.00
102.00
498.00
102.00
491.99
102.00
478.99
102.00
434.00
102.00
433.00
102.00
434.00
102.00
433.00
102.00
432.00
102.00
436.00
102.00
437.00
102.00
437.00
102.00
447.00
101.00
450.00
101.00
457.00
102.00
459.00
102.00
462.00
101.00
469.00
101.00
472.00
102.00
477.00
102.00
485.00
102.00
490.00
102.00
498.00
102.00
502.00
102.00
507.00
102.00
507.00
102.00
519.00
101.00
525.00
102.00
532.00
102.00
538.00
102.00
543.00
102.00
549.00
102.00
556.00
102.00
556.00
102.00
573.00
102.00
575.00
102.00
580.00
102.00
588.00
102.00
592.00
102.00
598.00
102.00
605.00
101.00
613.00
101.00
620.00
102.00
629.00
102.00
634.00
102.00
638.99
101.00
649.00
101.00
660.00
101.00
665.00
101.00
670.00
102.00
679.00
102.00
683.00
102.00
698.00
102.00
703.00
102.00
708.00
102.00
718.00
101.00
725.00
101.00
733.00
101.00
743.00
101.00
748.00
101.00
758.00
101.00
767.00
101.00
775.00
102.00
779.00
102.00
790.00
102.00
797.00
102.00
811.00
102.00
819.00
102.00
830.00
102.00
837.00
102.00
844.00
102.00
852.00
101.00
866.00
102.00
874.00
102.00
887.00
102.00
891.00
102.00
905.00
102.00
905.00
101.00
921.00
102.00
934.00
102.00
944.99
102.00
955.99
102.00
960.99
102.00
979.99
101.00
985.99
102.00
994.00
102.00
1005.00
102.00
1029.00
101.00
1031.00
101.00
1053.00
101.00
1053.00
101.00
1074.00
101.00
1078.00
101.00
1097.00
101.00
1120.00
101.00
1123.99
101.00
1140.99
101.00
1150.99
101.00
1173.99
101.00
1172.00
101.00
1197.00
101.00
1206.00
102.00
1220.00
102.00
1237.00
102.00
1249.00
102.00
1267.99
102.00
1279.99
103.00
1291.98
103.00
1314.98
103.00
1325.99
103.00
1345.00
103.00
1362.00
103.00
1376.00
102.00
1395.00
102.00
1412.00
102.00
1420.00
102.00
1445.00
102.00
1454.00
102.00
1475.00
101.00
1489.00
102.00
1499.00
102.00
1518.00
102.00
1530.00
102.00
1544.00
101.00
1565.00
101.00
1574.00
102.00
1574.00
102.00
1603.00
101.00
1620.00
102.00
1628.00
102.00
1649.00
102.00
1658.00
102.00
1673.00
102.00
1681.00
102.00
1695.00
102.00
1709.00
102.00
1723.00
102.00
1729.99
102.00
1746.99
101.00
1756.00
101.00
1770.00
101.00
1781.99
101.00
1788.98
101.00
1801.98
101.00
1811.98
101.00
1816.98
101.00
1835.99
101.00
1841.00
102.00
1841.00
102.00
1857.00
102.00
1868.00
102.00
1881.00
102.00
1887.00
102.00
1894.00
102.00
1904.00
102.00
1906.00
102.00
1915.00
102.00
1932.00
102.00
1935.00
102.00
1938.00
102.00
1950.00
102.00
1955.00
102.00
1955.00
102.00
1970.00
102.00
1980.00
102.00
1980.00
102.00
1986.00
102.00
1996.00
102.00
2004.00
102.00
2009.00
102.00
2009.00
102.00
2016.00
102.00
2053.99
102.00
2052.99
102.00
2052.99
102.00
2053.00
101.00
2057.00
102.00
2055.00
102.00
2048.00
102.00
2044.00
102.00
2040.99
102.00
2034.98
102.00
2030.98
102.00
2025.96
102.00
2014.96
102.00
2011.95
102.00
2009.93
102.00
2000.93
102.00
1995.92
102.00
1985.92
102.00
1976.94
102.00
1972.94
102.00
1962.94
102.00
1961.91
102.00
1951.91
102.00
1943.94
102.00
1938.94
102.00
1935.94
102.00
1923.97
102.00
1919.97
102.00
1913.95
101.00
1900.95
102.00
1896.97
102.00
1887.95
102.00
1882.95
102.00
1873.97
102.00
1865.97
102.00
1858.95
101.00
1848.96
102.00
1839.96
101.00
1832.94
101.00
1820.94
101.00
1814.94
102.00
1807.95
101.00
1795.95
102.00
1787.96
102.00
1778.96
102.00
1766.95
102.00
1757.94
102.00
1757.94
102.00
1736.95
102.00
1728.95
102.00
1721.94
102.00
1707.94
102.00
1699.94
102.00
1686.93
102.00
1678.93
102.00
1671.93
102.00
1655.91
101.99
1647.91
101.99
1634.93
102.00
1622.93
102.00
1613.94
103.00
1597.94
102.00
1587.94
102.00
1575.94
102.00
1561.94
102.00
1550.95
102.00
1539.95
102.00
1522.96
102.00
1511.97
102.00
1511.97
102.00
1485.97
102.00
1473.97
102.00
1463.94
102.00
1445.87
101.99
1435.87
101.99
1423.83
101.99
1409.84
101.99
1395.83
101.99
1377.85
101.99
1363.85
101.99
1349.91
101.99
1330.91
101.99
1315.94
102.00
1296.96
102.00
1281.96
102.00
1268.96
102.00
1247.97
102.00
1234.96
102.00
1220.94
101.99
1196.94
101.99
1183.92
101.99
1183.92
101.99
1145.91
101.99
1131.91
101.99
1113.90
101.99
1092.91
101.99
1078.91
101.99
1053.92
101.99
1038.92
101.99
1023.94
101.99
1000.96
103.00
989.96
102.00
974.96
102.00
954.96
102.00
940.95
101.99
919.93
101.99
905.94
101.99
890.94
101.99
873.94
101.99
859.96
101.99
846.98
103.00
828.98
102.00
816.98
102.00
816.98
102.00
785.98
102.00
775.99
102.00
756.99
102.00
747.99
102.00
738.99
102.00
725.99
102.00
714.98
102.00
714.98
102.00
685.97
102.00
676.97
102.00
669.96
102.99
652.97
102.99
643.97
101.99
643.97
101.99
619.97
102.99
609.98
103.00
594.98
102.00
586.99
102.00
576.99
102.00
566.99
102.00
557.00
103.00
557.00
102.00
536.00
102.00
525.00
102.00
515.00
102.00
507.00
102.00
500.00
102.00
486.99
102.00
441.00
102.00
441.00
102.00
441.00
102.00
440.00
102.00
440.00
102.00
442.00
102.00
442.00
102.00
447.00
102.00
449.00
102.00
454.00
102.00
459.00
102.00
462.00
102.00
462.00
101.00
470.00
102.00
475.00
102.00
481.00
102.00
488.00
102.00
492.00
102.00
501.00
102.00
504.00
102.00
510.00
102.00
517.00
102.00
523.00
102.00
529.00
102.00
534.00
102.00
541.00
102.00
541.00
102.00
554.00
102.00
561.00
102.00
569.00
102.00
575.00
102.00
575.00
102.00
587.00
102.00
593.00
102.00
599.00
102.00
608.00
102.00
613.00
102.00
622.00
102.00
627.00
102.00
632.00
101.00
642.00
101.00
650.00
102.00
653.00
101.00
665.00
101.00
670.00
101.00
675.00
102.00
680.00
101.00
688.00
101.00
697.00
102.00
706.00
102.00
716.00
102.00
726.00
102.00
728.00
102.00
736.00
102.00
750.00
102.00
754.00
101.00
762.00
102.00
773.00
102.00
778.00
101.00
790.00
101.00
794.00
101.00
809.00
102.00
817.00
102.00
826.00
102.00
828.00
102.00
843.00
102.00
852.00
102.00
862.00
102.00
875.00
102.00
879.00
102.00
888.00
101.00
900.00
102.00
910.00
101.00
923.00
101.00
928.00
102.00
938.00
102.00
956.00
101.00
959.00
102.00
977.00
102.00
987.00
101.00
994.00
102.00
1013.00
102.00
1023.00
101.00
1029.00
101.00
1048.00
101.00
1050.00
101.00
1064.00
101.00
1089.00
101.00
1091.00
101.00
1114.00
101.00
1120.00
101.00
1137.00
101.00
1147.00
101.00
1165.00
101.00
1169.00
102.00
1192.00
102.00
1200.00
102.00
1214.00
102.00
1234.00
102.00
1241.00
102.00
1258.00
102.00
1277.00
102.00
1292.00
102.00
1314.00
102.00
1326.00
102.00
1342.00
102.00
1359.00
102.00
1372.00
102.00
1389.99
102.00
1406.99
102.00
1422.99
102.00
1422.99
102.00
1456.99
102.00
1466.99
102.00
1486.99
102.00
1500.99
102.00
1511.99
102.00
1528.99
102.00
1543.99
102.00
1556.99
102.00
1576.99
102.00
1585.99
102.00
1598.99
102.00
1616.99
102.00
1627.99
101.00
1627.98
101.00
1656.98
101.00
1669.97
101.00
1682.97
101.00
1696.97
102.00
1708.98
102.00
1720.98
101.00
1733.99
101.00
1733.99
102.00
1752.99
102.00
1765.00
102.00
1779.00
102.00
1788.00
102.00
1793.00
102.00
1793.00
102.00
1820.00
103.00
1830.00
103.00
1836.00
103.00
1852.00
103.00
1854.00
103.00
1870.00
103.00
1877.00
103.00
1876.99
103.00
1899.99
103.00
1901.99
103.00
1914.98
103.00
1920.98
103.00
1929.98
103.00
1933.98
102.00
1946.96
102.00
1948.97
102.00
1953.97
102.00
1961.96
102.00
1968.96
102.00
1972.97
102.00
1983.97
102.00
1983.98
102.00
1992.00
101.00
2003.00
101.00
2009.00
101.00
2014.00
101.00
2047.98
100.00
2045.98
100.00
2045.98
100.00
2048.99
100.00
2052.99
101.00
2052.99
102.00
2045.99
102.00
2040.97
102.00
2038.94
102.00
2035.94
102.00
2030.93
102.00
2016.93
102.00
2016.92
102.00
2013.92
102.00
2006.92
102.00
1996.93
102.00
1989.93
102.00
1982.92
102.00
1979.92
102.00
1964.92
102.00
1961.91
102.00
1959.91
102.00
1953.93
102.00
1939.93
102.00
1936.93
102.00
1930.95
102.00
1920.95
102.00
1914.94
102.00
1905.94
102.00
1901.95
102.00
1893.94
102.00
1883.94
102.00
1878.95
102.00
1865.95
102.00
1858.96
102.00
1854.96
102.00
1839.96
102.00
1833.97
102.00
1827.97
102.00
1815.97
102.00
1808.97
102.00
1799.97
102.00
1788.98
102.00
1779.98
102.00
1773.96
102.00
1761.96
102.00
1754.96
101.00
1743.93
101.00
1733.93
101.00
1726.90
100.99
1714.91
100.99
1705.91
100.99
1697.92
101.00
1682.92
102.00
1674.94
102.00
1659.96
102.00
1651.96
102.00
1643.95
102.00
1626.95
102.00
1617.94
103.00
1607.94
102.00
1590.93
103.00
1582.90
101.99
1565.90
101.99
1554.91
101.99
1542.91
101.99
1535.92
101.99
1517.94
102.00
1506.94
102.00
1490.93
102.00
1479.93
102.00
1467.93
101.99
1452.92
101.99
1437.92
101.99
1434.93
102.00
1413.93
102.00
1401.92
101.99
1380.92
101.99
1365.92
101.99
1354.92
101.99
1334.92
101.99
1321.92
101.99
1306.94
102.00
1284.95
102.00
1273.94
102.00
1273.94
102.00
1238.93
101.99
1224.93
101.99
1200.93
101.99
1188.92
101.99
1173.92
101.99
1149.94
101.99
1135.94
101.99
1135.94
101.99
1098.94
101.99
1081.94
101.99
1067.94
101.99
1043.95
101.99
1029.95
102.00
1005.95
102.00
991.95
102.00
980.94
101.99
959.95
101.99
945.95
101.99
934.95
101.99
911.95
101.99
895.95
101.99
895.95
101.99
866.95
101.99
853.96
101.99
834.96
101.99
822.96
102.00
810.96
102.00
790.97
102.00
779.98
102.00
779.98
102.00
752.97
102.00
746.97
102.00
731.98
102.00
718.98
102.00
706.98
102.00
706.99
102.00
678.99
102.00
666.99
102.00
656.99
102.00
643.99
102.00
633.99
102.00
621.99
102.00
610.99
102.00
610.99
103.00
586.99
102.00
577.98
102.00
567.98
102.00
555.98
102.00
546.98
102.00
546.98
102.00
524.98
102.00
517.98
102.00
506.98
102.00
496.98
102.00
491.98
102.00
479.98
102.00
438.00
102.00
436.00
102.00
436.00
102.00
438.00
102.00
438.00
102.00
438.00
102.00
441.00
102.00
441.00
102.00
446.00
102.00
451.00
102.00
454.00
102.00
458.00
102.00
462.00
102.00
467.00
102.00
472.00
102.00
479.00
102.00
486.00
102.00
492.00
102.00
498.00
102.00
502.00
102.00
507.00
102.00
512.00
102.00
518.00
102.00
527.00
102.00
532.00
102.00
540.99
102.00
546.99
102.00
551.99
102.00
556.99
102.00
565.99
102.00
570.99
102.00
570.99
102.00
582.00
102.00
589.00
102.00
597.00
102.00
603.00
102.00
609.00
102.00
620.00
101.00
623.99
102.00
623.99
102.00
638.00
102.00
643.00
102.00
650.00
102.00
659.99
102.00
666.99
102.00
667.00
102.00
680.00
102.00
687.00
102.00
698.00
102.00
704.00
102.00
710.00
102.00
721.00
102.00
730.00
102.00
730.00
102.00
747.00
102.00
752.99
102.00
765.99
102.00
772.99
102.00
777.99
101.00
777.99
101.00
798.99
102.00
803.99
101.00
816.99
102.00
826.99
101.00
830.99
101.00
846.00
102.00
850.00
101.00
849.99
102.00
875.99
102.00
881.00
102.00
890.00
102.00
896.00
102.00
903.00
102.00
923.00
102.00
930.00
102.00
940.00
102.00
955.00
102.00
962.00
102.00
975.00
102.00
987.00
102.00
996.00
102.00
1008.00
102.00
1019.00
101.00
1027.00
102.00
1045.00
101.00
1055.00
102.00
1073.00
102.00
1089.00
102.00
1097.00
102.00
1106.00
102.00
1123.00
102.00
1130.00
102.00
1159.00
102.00
1161.00
102.00
1174.00
101.00
1193.00
101.00
1205.00
102.00
1221.99
102.00
1233.99
102.00
1246.99
102.00
1260.99
102.00
1277.99
102.00
1289.98
102.00
1314.98
102.00
1325.99
102.00
1343.99
102.00
1361.99
102.00
1374.99
102.00
1396.99
102.00
1411.00
101.00
1427.00
102.00
1436.00
101.00
1459.00
101.00
1472.00
102.00
1493.00
102.00
1504.00
102.00
1515.00
102.00
1535.00
102.00
1548.00
102.00
1559.99
102.00
1582.99
102.00
1591.98
102.00
1611.96
102.00
1620.96
102.00
1634.95
102.00
1654.95
102.00
1660.94
102.00
1673.94
102.00
1690.95
102.00
1694.97
102.00
1694.97
102.00
1718.99
102.00
1729.99
102.00
1744.99
102.00
1753.00
102.00
1768.00
102.00
1768.00
102.00
1791.00
102.00
1800.00
102.00
1811.00
102.00
1826.00
101.00
1831.00
101.00
1840.00
101.00
1848.00
101.00
1847.99
101.00
1866.99
101.00
1877.99
100.00
1884.99
101.00
1896.98
101.00
1902.99
101.00
1914.99
101.00
1920.99
101.00
1930.99
101.00
1936.00
102.00
1941.99
101.00
1944.99
102.00
1954.99
102.00
1968.99
102.00
1968.99
102.00
1978.99
102.00
1983.00
102.00
1992.00
103.00
2002.00
103.00
1996.99
102.00
2008.99
102.00
2013.99
103.00
2045.97
102.00
2043.97
102.00
2045.97
101.00
2046.97
101.00
2049.99
101.00
2049.99
102.00
2043.00
102.00
2038.00
103.00
2032.00
103.00
2027.99
103.00
2023.99
103.00
2022.98
103.00
2012.94
103.00
2008.94
103.00
1999.91
103.00
1995.91
103.00
1987.91
102.00
1977.90
101.99
1971.90
101.99
1963.91
102.00
1954.91
102.00
1952.94
102.00
1940.96
102.00
1936.96
102.00
1931.98
102.00
1922.98
102.00
1915.96
102.00
1911.96
101.00
1903.98
101.00
1892.97
101.00
1892.97
101.00
1878.98
101.00
1870.98
101.00
1863.97
101.00
1855.98
101.00
1846.98
101.00
1835.96
101.00
1827.96
102.00
1819.97
102.00
1808.94
102.00
1801.94
102.00
1794.93
102.00
1783.93
102.00
1773.92
102.00
1773.90
101.99
1753.90
101.99
1745.90
101.99
1733.90
101.99
1724.90
101.99
1714.90
101.99
1703.90
101.99
1694.92
102.00
1694.92
102.00
1671.92
102.00
1661.93
102.00
1649.93
102.00
1638.95
102.00
1629.95
102.00
1629.95
102.00
1604.96
102.00
1593.96
102.00
1579.96
101.00
1568.96
102.00
1557.96
101.00
1542.96
101.00
1531.96
101.00
1531.96
101.00
1503.96
101.00
1492.97
101.00
1476.97
101.00
1464.93
102.00
1453.90
101.99
1436.90
101.99
1431.85
101.99
1419.85
102.99
1395.80
102.99
1383.78
102.98
1361.78
101.98
1352.81
102.99
1336.81
102.99
1336.84
102.99
1303.89
102.99
1289.89
102.99
1267.94
102.00
1254.94
102.00
1241.96
101.00
1219.97
101.00
1203.98
101.00
1188.98
101.00
1168.98
101.00
1152.98
101.00
1129.98
101.00
1114.98
101.00
1096.98
102.00
1073.98
101.00
1060.98
101.00
1043.98
101.00
1020.97
101.00
1006.95
102.00
986.96
102.00
970.94
101.99
957.94
101.99
945.92
101.99
922.89
102.99
908.90
102.99
887.91
101.99
876.91
102.99
863.93
102.99
844.96
103.00
833.96
103.00
819.98
103.00
800.98
103.00
785.99
103.00
772.00
103.00
758.00
102.00
754.00
103.00
738.00
103.00
723.00
102.00
712.00
102.00
693.00
102.00
684.00
102.00
670.00
102.00
659.00
102.00
650.99
102.00
633.00
101.00
626.99
101.00
616.99
101.00
599.98
102.00
590.98
102.00
574.98
102.00
566.97
101.99
560.97
101.99
551.96
101.99
537.96
101.99
526.97
101.99
514.97
101.99
506.97
101.99
500.98
102.00
487.98
102.00
439.99
102.00
439.99
102.00
438.99
102.00
439.00
102.00
440.00
102.00
442.00
102.00
442.00
102.00
445.00
102.00
450.00
102.00
452.00
102.00
457.00
102.00
459.00
102.00
464.00
102.00
470.00
102.00
476.00
102.00
481.00
102.00
487.00
102.00
493.00
102.00
502.00
102.00
506.00
102.00
509.00
102.00
517.00
102.00
522.00
103.00
529.00
103.00
535.00
103.00
540.00
102.00
549.00
102.00
557.00
102.00
561.00
102.00
568.00
102.00
573.00
102.00
575.00
103.00
584.00
102.00
590.00
102.00
597.00
102.00
606.00
102.00
613.00
101.00
617.00
102.00
625.00
101.00
631.00
102.00
641.00
102.00
645.00
102.00
653.00
102.00
661.00
102.00
668.00
102.00
670.00
101.00
684.00
102.00
689.00
102.00
689.00
102.00
707.00
101.00
714.00
102.00
725.00
101.00
732.00
101.00
742.00
102.00
750.00
102.00
757.99
101.00
764.99
102.00
773.00
101.00
783.00
101.00
786.99
101.00
798.00
101.00
806.99
101.00
806.99
102.00
832.99
101.00
835.99
101.00
845.99
102.00
856.99
101.00
864.00
101.00
878.00
102.00
883.00
102.00
887.00
102.00
903.00
102.00
913.00
102.00
921.00
102.00
935.00
102.00
949.00
102.00
949.00
102.00
967.00
102.00
979.00
102.00
988.99
102.00
999.99
102.00
1000.99
102.00
1019.99
102.00
1030.99
101.00
1041.99
102.00
1058.99
102.00
1071.00
102.00
1092.00
102.00
1097.00
102.00
1114.00
102.00
1126.00
102.00
1135.00
102.00
1152.00
102.00
1174.00
102.00
1181.00
102.00
1199.00
102.00
1216.00
102.00
1216.00
101.00
1234.00
101.00
1250.00
101.00
1259.00
101.00
1291.00
101.00
1300.00
101.00
1311.00
101.00
1333.00
101.00
1345.00
101.00
1359.99
102.00
1379.99
102.00
1393.99
102.00
1414.99
102.00
1429.99
102.00
1439.99
102.00
1459.99
102.00
1475.99
102.00
1490.00
102.00
1506.00
102.00
1519.99
102.00
1519.99
102.00
1551.00
102.00
1561.99
102.00
1582.99
102.00
1593.98
102.00
1605.98
102.00
1625.98
103.00
1635.99
103.00
1635.99
103.00
1663.99
102.00
1673.99
102.00
1683.99
103.00
1703.98
102.00
1710.98
102.00
1710.99
102.00
1739.99
102.00
1746.98
102.00
1759.98
102.00
1766.99
102.00
1779.99
102.00
1794.99
102.00
1798.99
102.00
1813.99
102.00
1827.99
102.00
1829.98
102.00
1847.98
102.00
1854.99
102.00
1861.99
102.00
1861.98
102.00
1884.99
102.00
1884.99
102.00
1896.99
102.00
1909.99
102.00
1910.00
102.00
1924.99
102.00
1935.99
101.00
1935.00
102.00
1947.00
102.00
1952.00
101.00
1963.00
101.00
1963.00
101.00
1974.00
101.00
1987.00
101.00
1990.00
101.00
1993.00
102.00
2000.00
101.00
2012.00
101.00
2038.00
102.00
2039.00
101.00
2039.00
101.00
2039.00
101.00
2045.00
101.00
2043.00
101.00
2039.00
101.00
2031.00
101.00
2027.00
102.00
2023.00
102.00
2020.00
102.00
2019.97
102.00
2009.97
102.00
2003.95
102.00
1997.95
102.00
1990.92
102.00
1983.87
101.99
1974.88
101.99
1969.88
101.99
1965.88
101.99
1958.87
101.99
1949.90
101.99
1939.90
101.99
1933.89
101.99
1928.89
101.99
1928.95
102.00
1911.95
102.00
1907.95
102.00
1895.97
102.00
1889.97
102.00
1883.96
102.00
1872.97
102.00
1865.97
102.00
1860.96
102.00
1847.96
102.00
1841.97
102.00
1831.97
102.00
1823.96
102.00
1815.95
102.00
1805.95
102.00
1798.93
102.00
1789.93
102.00
1778.90
101.99
1770.89
101.99
1757.89
101.99
1751.86
101.99
1741.86
101.99
1733.87
101.99
1719.88
101.99
1712.88
101.99
1699.91
101.99
1688.91
101.99
1680.93
102.00
1666.95
102.00
1657.95
101.00
1649.94
102.00
1635.94
102.00
1625.96
102.00
1609.97
101.00
1600.97
101.00
1589.98
101.00
1573.98
101.00
1562.97
101.00
1552.96
101.00
1536.96
101.00
1524.92
101.00
1508.93
101.99
1497.91
101.99
1487.91
101.99
1476.89
101.99
1459.88
101.99
1447.88
102.99
1434.86
101.99
1420.86
102.99
1406.87
101.99
1385.87
102.99
1374.87
102.99
1359.92
102.99
1341.92
101.99
1326.94
102.00
1305.94
102.00
1289.94
102.00
1277.93
101.99
1254.93
101.99
1244.93
101.99
1228.93
101.99
1206.93
101.99
1192.94
100.99
1192.94
101.99
1156.93
101.99
1140.94
100.99
1119.94
100.99
1102.94
100.99
1086.94
100.99
1063.95
100.99
1048.95
101.00
1048.95
101.00
1008.95
102.00
994.95
102.00
983.95
102.00
960.95
102.00
948.95
102.00
948.95
102.00
914.96
102.99
899.95
102.99
878.96
101.99
867.97
102.00
854.98
102.00
836.98
103.00
822.99
103.00
809.99
102.00
790.99
103.00
778.98
102.00
763.98
102.00
751.98
102.00
745.98
102.00
745.97
102.00
717.97
102.00
706.97
102.00
689.97
102.00
677.97
102.00
666.98
102.00
650.99
102.00
640.99
102.00
632.99
102.00
619.99
102.00
609.00
102.00
594.00
102.00
584.00
102.00
576.00
103.00
562.00
102.00
555.00
102.00
545.99
102.00
531.99
102.00
525.98
102.00
513.98
102.00
507.98
102.00
495.98
102.00
488.97
101.99
442.00
102.00
442.00
102.00
442.00
102.00
442.00
102.00
442.00
102.00
443.00
101.00
443.00
101.00
448.00
102.00
453.00
102.00
455.00
101.00
459.00
101.00
462.00
101.00
465.00
101.00
473.00
102.00
479.00
102.00
483.00
102.00
489.00
102.00
493.00
102.00
501.00
102.00
507.00
102.00
511.00
102.00
517.00
102.00
523.00
102.00
528.00
102.00
539.00
102.00
543.00
102.00
548.00
103.00
555.00
102.00
563.00
102.00
567.00
102.00
574.00
103.00
576.00
103.00
583.00
102.00
590.00
102.00
598.00
102.00
608.00
102.00
611.00
102.00
620.00
101.00
626.00
102.00
633.00
102.00
633.00
101.00
647.00
102.00
654.00
102.00
662.00
102.00
668.00
101.00
674.00
102.00
674.00
102.00
694.00
101.00
698.00
101.00
707.00
102.00
715.00
101.00
724.00
101.00
734.00
101.00
741.00
101.00
741.00
101.00
760.00
101.00
770.00
101.00
775.00
102.00
779.00
102.00
789.99
102.00
800.99
101.00
811.00
102.00
816.00
102.00
829.00
102.00
838.00
102.00
847.00
102.00
856.00
102.00
867.00
102.00
871.00
102.00
880.00
102.00
895.00
102.00
910.00
102.00
919.00
102.00
924.00
102.00
938.00
102.00
946.00
102.00
951.00
102.00
968.00
102.00
980.00
102.00
992.00
102.00
1000.00
102.00
1007.00
103.00
1026.00
101.00
1040.00
102.00
1049.00
101.00
1065.00
102.00
1076.00
102.00
1091.00
102.00
1105.00
102.00
1117.00
102.00
1130.00
101.00
1141.00
101.00
1156.00
101.00
1173.00
102.00
1182.00
101.00
1202.00
102.00
1213.00
101.00
1231.00
102.00
1245.00
102.00
1264.00
102.00
1281.00
101.00
1281.00
102.00
1306.00
102.00
1316.00
101.00
1339.00
102.00
1351.99
101.00
1363.99
102.00
1388.99
102.00
1401.99
101.00
1415.99
102.00
1432.99
102.00
1447.99
102.00
1460.99
102.00
1482.99
102.00
1496.99
102.00
1496.98
102.00
1528.98
102.00
1539.98
102.00
1559.98
102.00
1570.98
102.00
1581.99
102.00
1603.99
102.00
1614.98
102.00
1624.00
102.00
1643.00
102.00
1654.99
102.00
1669.99
102.00
1681.99
102.00
1691.99
102.00
1707.99
102.00
1716.98
102.00
1726.98
102.00
1742.98
102.00
1753.97
102.00
1765.97
102.00
1776.96
102.00
1784.96
102.00
1795.95
102.00
1808.95
102.00
1813.97
102.00
1828.96
102.00
1838.96
102.00
1851.97
102.00
1856.97
102.00
1865.00
102.00
1872.00
101.00
1885.00
101.00
1894.99
100.00
1900.99
100.00
1909.99
100.00
1921.97
100.00
1930.97
100.00
1932.98
101.00
1941.98
101.00
1951.99
101.00
1962.99
101.00
1962.99
101.00
1969.99
101.00
1976.99
102.00
1980.99
101.00
1991.98
102.00
1993.98
102.00
2007.98
102.00
2010.98
102.00
2036.00
103.00
2036.00
103.00
2035.00
103.00
2038.00
103.00
2038.00
103.00
2036.00
103.00
2033.00
103.00
2031.00
103.00
2026.00
103.00
2021.98
103.00
2014.96
103.00
2008.96
103.00
1999.92
103.00
1997.92
103.00
1992.90
102.99
1981.89
101.99
1973.89
101.99
1969.93
102.00
1960.93
102.00
1955.94
102.00
1955.96
102.00
1937.96
102.00
1931.97
102.00
1925.97
102.00
1918.98
101.00
1910.98
101.00
1902.98
101.00
1897.99
101.00
1897.99
101.00
1880.99
101.00
1875.99
101.00
1863.99
101.00
1854.99
101.00
1848.99
101.00
1848.97
102.00
1829.94
102.00
1822.94
102.00
1812.91
102.00
1803.91
102.00
1796.90
101.99
1783.89
101.99
1775.89
101.99
1775.90
101.99
1755.90
101.99
1746.90
101.99
1735.90
101.99
1727.90
101.99
1717.92
102.00
1704.92
102.00
1695.93
102.00
1686.93
102.00
1673.92
102.00
1663.93
102.00
1649.93
102.00
1639.94
102.00
1630.94
102.00
1630.96
102.00
1604.96
102.00
1595.96
101.00
1579.96
102.00
1569.96
102.00
1558.95
102.00
1543.94
101.00
1531.94
102.00
1522.93
102.00
1505.93
102.00
1494.92
101.99
1478.92
101.99
1466.92
101.99
1455.92
101.99
1437.92
101.99
1430.91
101.99
1416.89
101.99
1398.89
101.99
1384.90
101.99
1365.90
101.99
1350.89
101.99
1338.89
101.99
1324.89
101.99
1304.90
101.99
1290.90
101.99
1269.89
101.99
1255.89
101.99
1240.89
101.99
1220.89
101.99
1206.89
101.99
1189.90
101.99
1170.90
101.99
1154.91
101.99
1131.95
102.00
1117.95
102.00
1101.95
101.00
1076.95
102.00
1061.95
102.00
1045.94
101.99
1023.95
101.99
1007.94
101.99
1007.94
101.99
973.94
101.99
959.94
101.99
938.95
101.99
924.94
101.99
910.94
101.99
889.96
102.00
878.96
102.00
878.96
102.00
845.98
102.00
833.98
102.00
821.98
102.00
801.98
102.00
788.98
103.00
788.99
102.00
761.99
102.00
752.99
103.00
736.99
102.00
727.98
102.00
717.97
102.00
698.97
102.00
688.97
102.00
680.97
102.00
666.98
102.00
655.99
102.00
638.99
102.00
631.99
102.00
620.99
102.00
620.98
102.00
596.98
102.00
585.99
102.00
575.99
102.00
567.99
102.00
556.98
102.00
545.98
102.00
536.98
102.00
527.99
102.00
517.99
102.00
507.99
102.00
496.99
102.00
487.99
102.00
441.00
102.00
441.00
102.00
440.00
102.00
440.00
102.00
441.00
102.00
442.00
102.00
444.00
102.00
448.00
102.00
449.00
101.00
453.00
101.00
460.00
101.00
460.00
101.00
468.00
102.00
473.00
102.00
475.00
102.00
483.00
101.00
489.00
101.00
494.00
102.00
500.00
102.00
507.00
102.00
514.00
102.00
519.00
102.00
524.00
102.00
532.00
102.00
537.00
102.00
541.00
102.00
550.00
102.00
556.00
102.00
556.00
102.00
568.00
102.00
573.00
102.00
574.99
102.00
583.00
102.00
588.00
102.00
587.99
102.00
604.99
102.00
611.99
102.00
620.99
102.00
627.99
101.00
631.99
102.00
637.99
102.00
647.99
102.00
647.99
102.00
663.99
102.00
668.00
102.00
678.00
102.00
682.00
102.00
689.00
102.00
689.00
102.00
707.00
102.00
715.00
102.00
723.00
102.00
730.00
102.00
738.00
102.00
749.00
102.00
754.00
102.00
766.00
103.00
773.00
102.00
783.00
102.00
791.00
103.00
799.00
102.00
803.00
102.00
819.00
102.00
830.00
102.00
837.00
101.00
846.00
102.00
857.00
101.00
870.00
102.00
873.00
102.00
882.00
101.00
894.00
101.00
904.99
102.00
912.99
101.00
927.99
102.00
934.99
102.00
934.99
101.00
957.99
101.00
966.99
102.00
980.99
101.00
988.99
102.00
995.98
102.00
1012.97
102.00
1020.97
101.00
1032.97
101.00
1047.97
101.00
1053.98
101.00
1067.98
101.00
1083.98
101.00
1101.98
102.00
1101.98
102.00
1124.98
102.00
1130.99
102.00
1154.99
102.00
1167.00
102.00
1179.00
103.00
1179.00
103.00
1210.00
103.00
1223.00
103.00
1234.00
103.00
1257.00
103.00
1260.00
103.00
1286.00
103.00
1297.00
102.00
1310.00
103.00
1329.00
102.00
1343.00
102.00
1363.00
102.00
1379.00
102.00
1392.00
101.00
1412.00
102.00
1423.00
101.00
1441.00
101.00
1458.00
101.00
1472.00
101.00
1492.00
101.00
1501.00
101.00
1520.00
102.00
1532.00
102.00
1551.00
102.00
1560.00
102.00
1579.00
102.00
1592.00
102.00
1604.99
102.00
1620.99
102.00
1632.99
102.00
1643.00
102.00
1663.00
102.00
1668.00
102.00
1689.00
102.00
1698.00
102.00
1708.99
102.00
1722.99
102.00
1731.00
102.00
1744.00
102.00
1757.00
102.00
1768.99
102.00
1768.99
102.00
1793.99
102.00
1797.99
102.00
1813.99
102.00
1824.99
102.00
1827.99
102.00
1827.99
102.00
1850.99
102.00
1853.99
102.00
1873.00
101.00
1878.00
101.00
1887.00
101.00
1901.00
102.00
1907.00
101.00
1907.00
102.00
1922.00
101.00
1930.00
101.00
1939.00
102.00
1948.99
102.00
1949.99
102.00
1958.99
102.00
1963.99
102.00
1970.99
102.00
1981.99
102.00
1985.00
102.00
1991.00
102.00
2003.00
102.00
2001.00
102.00
2010.00
102.00
2009.00
101.00
2022.00
102.00
2054.98
100.00
2054.98
100.00
2052.98
100.00
2055.98
100.00
2058.99
100.00
2056.00
100.00
2050.00
101.00
2046.00
102.00
2042.00
102.00
2036.99
102.00
2033.98
103.00
2028.98
103.00
2023.96
103.00
2016.96
103.00
2009.94
103.00
2005.94
103.00
2000.92
103.00
1987.91
103.00
1981.91
103.00
1977.92
102.00
1963.92
102.00
1959.94
102.00
1948.95
102.00
1937.95
102.00
1934.98
102.00
1926.98
102.00
1919.98
102.00
1914.98
102.00
1906.98
102.00
1897.98
102.00
1897.98
102.00
1884.97
102.00
1876.95
101.00
1865.96
102.00
1860.92
102.00
1852.92
102.00
1837.92
102.00
1833.91
101.99
1825.91
101.99
1812.93
102.00
1807.93
102.00
1799.92
101.00
1784.94
101.00
1780.94
101.00
1780.95
101.00
1758.95
101.00
1751.97
102.00
1737.97
102.00
1728.98
102.00
1721.97
102.00
1707.97
102.00
1699.97
102.00
1691.97
102.00
1677.97
102.00
1668.95
102.00
1654.95
102.00
1645.93
102.00
1637.93
101.00
1637.93
102.00
1610.93
102.00
1598.93
102.00
1584.93
102.00
1574.93
102.00
1564.94
102.00
1546.94
102.00
1537.94
102.00
1526.94
102.00
1511.94
102.00
1498.93
102.00
1483.92
101.99
1471.92
101.99
1461.89
101.99
1443.89
101.99
1436.89
101.99
1423.89
101.99
1403.89
101.99
1390.93
101.99
1369.93
101.99
1357.95
102.00
1344.97
102.00
1324.97
102.00
1313.97
101.00
1298.97
101.00
1278.96
102.00
1265.97
102.00
1252.96
102.00
1230.95
102.00
1215.95
102.00
1204.93
101.99
1181.93
101.99
1168.92
101.99
1144.92
101.99
1129.93
101.99
1113.92
101.99
1090.92
101.99
1075.91
101.99
1059.91
101.99
1038.91
101.99
1020.92
101.99
1020.92
101.99
986.94
101.99
971.95
101.99
951.95
101.99
937.95
101.99
923.95
101.99
923.95
101.99
886.96
102.00
875.96
102.00
856.97
102.00
842.97
102.00
831.97
102.00
812.98
102.00
799.98
102.00
799.99
102.00
772.99
102.00
760.99
102.00
748.99
102.00
736.99
102.00
726.99
102.00
708.99
102.00
695.99
102.00
687.99
102.00
669.98
102.00
659.97
103.00
645.97
102.00
633.97
101.99
629.97
101.99
620.97
102.00
604.98
103.00
596.98
103.00
580.99
103.00
573.99
103.00
563.99
102.00
551.99
102.00
541.99
102.00
533.99
102.00
519.99
102.00
513.99
102.00
501.99
102.00
494.99
102.00
487.00
101.00
437.00
102.00
436.00
102.00
436.00
102.00
436.00
102.00
436.00
102.00
436.00
102.00
440.00
102.00
442.00
102.00
444.00
102.00
449.00
102.00
453.00
102.00
453.00
102.00
462.00
102.00
466.00
102.00
475.00
102.00
478.00
102.00
483.00
102.00
491.00
102.00
496.00
102.00
501.00
102.00
510.00
102.00
514.00
102.00
520.00
102.00
527.00
102.00
531.00
102.00
531.00
102.00
544.00
102.00
551.00
102.00
559.00
102.00
562.00
102.00
570.00
102.00
574.00
102.00
581.00
102.00
587.00
102.00
594.00
102.00
602.00
102.00
611.00
102.00
617.00
102.00
623.00
102.00
631.00
102.00
637.00
102.00
644.00
102.00
654.00
102.00
660.00
102.00
668.00
102.00
670.00
102.00
680.00
102.00
687.00
102.00
698.00
102.00
708.00
102.00
714.00
102.00
723.00
102.00
730.00
102.00
744.00
102.00
746.00
102.00
758.00
102.00
762.00
102.00
772.00
102.00
772.00
102.00
792.00
102.00
797.00
102.00
808.00
102.00
817.00
102.00
829.00
101.00
840.00
101.00
845.00
101.00
853.00
101.00
866.00
102.00
876.00
102.00
886.00
101.00
898.00
101.00
904.00
102.00
904.00
101.00
928.00
102.00
938.00
101.00
949.00
101.00
957.00
101.00
968.00
101.00
980.00
102.00
990.00
102.00
992.00
101.00
1014.00
101.00
1028.00
101.00
1039.00
101.00
1045.99
101.00
1062.00
101.00
1079.00
101.00
1085.00
102.00
1097.00
101.00
1118.00
102.00
1132.00
102.00
1141.00
102.00
1154.00
102.00
1167.00
102.00
1171.00
102.00
1190.00
102.00
1207.00
102.00
1222.00
102.00
1236.00
102.00
1253.00
102.00
1266.99
101.00
1282.99
101.00
1290.00
102.00
1317.00
102.00
1328.00
102.00
1328.00
102.00
1363.00
102.00
1376.00
102.00
1399.00
102.00
1410.00
102.00
1427.00
102.00
1447.00
102.00
1462.00
102.00
1470.00
102.00
1491.00
102.00
1507.00
102.00
1516.00
102.00
1537.00
102.00
1551.00
102.00
1560.99
102.00
1576.99
102.00
1592.99
101.00
1608.99
102.00
1620.99
102.00
1629.98
101.00
1646.98
101.00
1660.98
101.00
1672.98
102.00
1688.98
101.00
1699.99
101.00
1714.99
101.00
1725.00
101.00
1736.00
102.00
1753.00
102.00
1762.00
101.00
1771.00
102.00
1784.00
102.00
1790.00
102.00
1790.00
102.00
1816.00
102.00
1822.00
102.00
1827.00
102.00
1843.99
102.00
1849.99
102.00
1863.99
102.00
1874.99
103.00
1875.99
103.00
1890.99
103.00
1898.99
103.00
1900.98
103.00
1922.98
103.00
1924.97
103.00
1924.97
103.00
1938.98
103.00
1945.98
102.00
1954.98
102.00
1964.98
102.00
1970.98
102.00
1970.99
102.00
1979.98
102.00
1984.98
102.00
1985.00
102.00
1999.00
101.00
2000.00
101.00
2014.00
101.00
2045.99
100.00
2046.99
100.00
2046.99
101.00
2047.00
100.00
2052.00
101.00
2051.00
101.00
2045.99
101.00
2038.99
102.00
2034.98
102.00
2031.98
102.00
2024.97
102.00
2020.95
102.00
2011.95
102.00
2006.95
102.00
2002.95
102.00
1997.93
102.00
1987.93
102.00
1980.94
102.00
1973.94
102.00
1968.94
102.00
1961.93
102.00
1952.93
102.00
1944.96
102.00
1941.97
102.00
1929.97
102.00
1922.99
102.00
1916.99
102.00
1906.99
102.00
1901.99
102.00
1893.99
101.00
1887.99
101.00
1879.99
102.00
1870.98
102.00
1864.96
102.00
1864.96
102.00
1845.94
102.00
1838.94
102.00
1830.89
101.99
1820.89
101.99
1815.89
101.99
1815.89
101.99
1793.89
101.99
1785.91
101.99
1773.93
102.00
1767.93
102.00
1760.92
102.00
1747.92
102.00
1737.94
102.00
1737.94
102.00
1717.94
102.00
1708.96
101.00
1693.96
101.00
1686.95
101.00
1679.95
101.00
1679.96
101.00
1654.97
101.00
1645.97
101.00
1630.98
101.00
1621.98
102.00
1610.97
101.00
1595.96
101.00
1585.96
102.00
1574.95
102.00
1558.95
102.00
1548.94
101.00
1530.93
103.00
1520.93
102.00
1511.91
101.99
1493.92
101.99
1482.90
101.99
1470.88
101.99
1453.88
101.99
1440.88
102.99
1427.88
101.99
1413.90
101.99
1398.92
101.99
1377.92
101.99
1366.93
101.99
1353.93
101.99
1334.95
102.00
1319.96
101.00
1298.96
102.00
1284.96
102.00
1270.96
102.00
1259.95
102.00
1236.95
102.00
1224.93
101.99
1200.92
101.99
1187.92
101.99
1171.92
101.99
1147.92
101.99
1134.92
101.99
1117.91
101.99
1092.91
101.99
1079.92
101.99
1079.92
101.99
1037.93
101.99
1024.93
101.99
1001.93
101.99
988.94
101.99
975.94
101.99
954.95
102.00
939.96
102.00
925.96
102.00
904.96
102.00
890.97
102.00
880.96
102.00
858.97
102.00
845.97
102.00
845.98
102.00
815.98
102.00
802.98
102.00
784.99
102.00
774.99
102.00
762.99
102.00
750.99
102.00
739.99
102.00
727.99
102.00
711.99
103.00
700.98
102.00
681.98
102.00
670.98
102.00
661.98
102.00
652.98
102.00
637.97
101.00
628.97
102.00
613.98
102.00
602.98
102.00
591.99
102.00
576.99
102.00
573.99
102.00
561.99
102.00
548.99
102.00
538.99
102.00
525.99
103.00
518.99
102.00
510.98
102.00
500.98
102.00
492.98
102.00
485.98
102.00
438.00
101.00
438.00
101.00
437.00
101.00
437.00
101.00
438.00
102.00
439.00
102.00
441.00
102.00
444.00
102.00
444.00
102.00
453.00
103.00
456.00
102.00
460.00
102.00
463.00
102.00
467.00
102.00
474.00
102.00
480.00
102.00
483.00
102.00
492.00
102.00
499.00
102.00
506.00
102.00
508.00
102.00
512.00
102.00
520.00
102.00
526.00
103.00
533.00
102.00
539.00
102.00
546.00
102.00
552.00
102.00
560.00
102.00
566.00
102.00
571.00
102.00
577.00
102.00
583.00
101.00
589.00
101.00
596.00
102.00
602.00
102.00
613.00
101.00
617.00
101.00
624.00
101.00
631.00
102.00
635.00
102.00
635.00
102.00
654.00
102.00
661.00
101.00
668.00
102.00
672.00
103.00
679.00
102.00
690.00
102.00
697.00
102.00
704.00
102.00
715.00
102.00
719.00
102.00
726.00
101.00
735.00
101.00
744.00
102.00
744.00
102.00
764.00
102.00
772.00
102.00
780.00
102.00
789.00
102.00
797.00
102.00
807.00
102.00
814.00
101.00
823.00
101.00
836.00
102.00
842.00
101.00
850.00
101.00
860.00
101.00
874.00
101.00
879.00
101.00
889.00
101.00
897.00
101.00
910.00
102.00
923.00
102.00
929.00
102.00
942.00
101.00
949.00
102.00
956.00
102.00
970.00
102.00
984.00
102.00
992.99
102.00
1002.99
102.00
1010.99
102.00
1027.99
102.00
1039.99
102.00
1047.99
101.00
1059.99
102.00
1080.98
102.00
1080.98
102.00
1106.99
102.00
1113.99
101.00
1124.99
101.00
1144.99
101.00
1163.99
101.00
1163.99
101.00
1184.99
101.00
1201.00
102.00
1217.00
102.00
1230.00
102.00
1245.00
102.00
1258.00
102.00
1279.00
102.00
1281.00
102.00
1304.00
102.00
1317.99
102.00
1338.99
102.00
1351.99
102.00
1364.99
102.00
1384.99
102.00
1399.99
102.00
1414.99
102.00
1431.99
102.00
1446.99
102.00
1469.99
102.00
1481.00
102.00
1495.00
102.00
1508.99
102.00
1526.99
102.00
1538.99
102.00
1559.00
102.00
1571.00
102.00
1584.99
102.00
1600.99
102.00
1612.99
103.00
1626.99
102.00
1639.99
101.00
1654.99
101.00
1668.99
101.00
1680.99
101.00
1696.99
101.00
1706.99
101.00
1715.99
101.00
1730.99
101.00
1743.99
101.00
1752.99
101.00
1752.99
102.00
1779.99
102.00
1784.99
102.00
1794.99
102.00
1807.00
102.00
1817.00
102.00
1816.99
102.00
1832.99
103.00
1843.00
103.00
1859.00
103.00
1861.00
103.00
1871.00
103.00
1885.00
103.00
1893.00
103.00
1897.00
103.00
1908.00
103.00
1916.00
103.00
1922.00
103.00
1927.00
103.00
