FIFO overflow!

setAddr: 0D
getDevDescr 
Xbox 360 Init Failed, error code: 0D

getDevDescr 
Xbox 360 Init Failed, error code: 0D

getDevDescr 
Xbox 360 Init Failed, error code: 0D
FIFO overflow!
FIFO overflow!

Xbox 360 Controller Connected
FIFO overflow!
98.00	98.00
2043.00
98.00
2043.00
98.00
2042.00
98.00
2039.00
98.00
2043.00
98.00
2057.00
98.00
2056.00
98.00
2047.00
98.00
2023.00
98.00
2025.99
98.00
2023.98
98.00
2023.98
98.00
2018.96
98.00
2018.96
98.00
1988.93
98.00
1987.90
99.00
1978.90
99.00
1974.82
98.99
1977.82
98.99
1946.78
98.99
1954.65
98.98
1954.65
98.98
1956.54
98.98
1933.54
98.98
1933.47
99.97
1936.29
99.96
1922.29
99.96
1916.22
99.96
1914.22
99.96
1914.05
99.95
1899.05
99.95
1888.06
99.95
1890.79
99.94
1884.80
99.94
1881.74
99.93
1867.54
99.92
1869.54
99.92
1866.55
99.92
1845.57
99.92
1835.41
99.91
1838.41
99.91
1827.36
99.91
1816.20
99.90
1815.20
99.90
1808.09
99.89
1786.11
99.89
1785.82
99.88
1788.65
99.87
1788.65
99.87
1767.35
99.85
1767.35
100.85
1744.17
100.84
1749.91
100.82
1742.92
100.82
1730.69
100.81
1722.70
100.81
1706.51
101.79
1703.05
101.76
1699.06
101.76
1679.85
101.75
1681.85
101.75
1669.64
102.73
1653.33
102.71
1650.34
102.71
1635.05
102.69
1625.08
103.69
1614.69
103.66
1600.38
103.64
1592.40
103.64
1582.90
103.60
1562.98
104.60
1563.54
104.57
1552.15
104.54
1535.23
104.54
1517.14
104.53
1513.16
104.53
1499.00
105.51
1494.02
104.51
1478.14
104.51
1452.33
104.52
1443.37
104.52
1443.20
105.50
1415.33
105.50
1411.21
105.49
1390.22
105.49
1385.25
105.49
1368.22
105.48
1345.33
105.48
1339.35
105.48
1319.50
105.48
1298.60
105.48
1288.60
105.48
1270.69
105.48
1257.64
105.47
1239.63
105.46
1220.73
105.46
1209.77
105.46
1188.88
105.46
1170.97
105.46
1154.05
105.46
1134.15
106.45
1119.38
106.47
1107.44
106.47
1084.71
106.48
1069.01
105.51
1046.12
106.50
1029.34
105.52
1012.41
105.52
1012.64
106.54
979.78
106.54
964.94
106.55
946.13
105.57
934.18
105.57
919.40
106.58
900.47
106.58
887.67
105.60
887.70
105.61
861.79
105.61
850.01
105.63
834.06
104.63
821.11
104.63
809.10
104.62
792.16
104.62
780.15
104.62
767.19
104.62
756.16
104.61
746.19
104.61
729.26
104.61
722.19
103.60
712.23
103.60
698.22
103.59
688.04
103.55
684.05
103.55
676.08
103.55
664.13
103.55
654.15
103.55
643.20
103.55
637.23
103.55
625.31
103.56
617.35
103.56
606.51
103.57
592.59
103.58
586.62
103.58
531.32
102.67
531.32
102.67
531.32
102.67
531.32
102.67
529.34
102.68
535.32
101.68
536.39
101.70
540.41
101.70
541.41
101.70
544.42
101.71
554.40
101.71
555.41
101.71
559.42
101.71
569.40
100.72
565.33
100.70
572.31
100.70
577.35
100.71
581.39
100.72
588.37
99.72
593.31
99.72
596.30
99.72
596.26
99.71
613.29
99.72
616.28
99.72
625.25
99.72
629.24
99.72
636.21
98.72
641.21
99.72
642.21
98.72
642.16
98.72
658.12
98.72
663.12
98.72
668.10
98.72
671.16
98.73
675.13
98.73
686.10
98.73
689.11
98.73
689.11
98.73
705.11
98.74
711.98
98.72
718.96
98.72
725.03
97.73
729.02
97.73
734.97
97.73
741.02
97.74
741.02
97.74
757.97
97.74
759.96
97.74
767.01
97.75
772.07
97.76
783.05
97.76
792.97
96.75
793.97
96.75
801.09
96.77
810.02
96.76
815.01
96.76
821.13
96.78
832.10
96.78
841.02
96.77
852.03
96.78
855.03
96.78
868.01
96.78
875.99
96.78
877.98
96.78
883.99
96.78
893.96
96.78
905.86
96.77
912.85
96.77
926.88
96.78
927.87
96.78
927.86
96.78
952.88
96.78
954.87
96.78
969.74
96.77
985.70
96.77
988.84
96.79
996.78
96.78
1004.76
96.78
1004.80
96.79
1025.75
96.79
1035.78
96.79
1053.75
96.79
1058.74
95.80
1063.77
96.80
1087.72
96.80
1092.66
95.80
1092.66
95.80
1120.60
95.80
1129.51
95.79
1144.48
95.79
1154.42
95.79
1167.37
95.78
1179.35
95.78
1195.24
95.78
1195.24
95.78
1220.14
95.78
1235.11
95.78
1247.08
95.78
1259.11
95.78
1267.09
95.78
1288.04
95.78
1299.02
95.78
1308.06
95.78
1321.06
95.79
1337.03
95.79
1348.93
95.78
1358.91
95.78
1372.87
95.78
1393.75
95.78
1409.71
95.78
1416.68
95.78
1438.63
94.78
1451.61
94.78
1469.45
95.77
1483.42
94.77
1493.35
94.77
1513.30
94.77
1523.11
94.76
1524.96
94.75
1560.87
94.75
1569.75
94.74
1578.73
94.74
1594.36
94.72
1605.07
94.71
1628.00
94.71
1638.84
95.70
1646.81
95.70
1661.81
94.70
1672.83
94.71
1687.78
95.70
1694.56
95.69
1702.54
94.70
1711.53
95.69
1723.55
95.70
1732.52
95.70
1732.37
95.69
1760.28
95.69
1765.21
95.69
1785.15
95.69
1790.17
95.69
1798.16
95.69
1818.10
95.69
1824.09
95.69
1824.09
95.69
1839.88
95.68
1852.04
95.69
1860.01
95.69
1861.88
95.69
1868.85
96.68
1883.76
95.68
1885.90
96.69
1885.90
96.69
1894.80
96.68
1899.79
96.68
1910.94
96.69
1909.97
96.69
1910.97
96.69
1920.90
96.69
1933.86
96.69
1936.07
96.70
1941.96
96.70
1948.94
96.70
1945.92
96.70
1959.87
96.70
1965.90
96.70
1965.11
96.71
1965.11
97.71
1970.99
97.70
1987.94
97.70
1998.99
96.71
1999.99
97.71
1998.16
96.72
2005.14
97.71
2003.14
96.72
2011.20
97.72
2028.78
97.70
2028.78
97.70
2030.78
97.70
2032.76
97.70
2053.67
97.70
2050.68
97.70
2042.52
97.69
2041.52
97.69
2041.32
97.68
2012.23
97.67
2011.23
97.67
2010.95
98.65
2006.97
98.65
2000.77
98.64
1978.33
98.62
1985.30
98.62
1965.12
99.60
1973.09
99.60
1974.78
99.59
1974.67
99.58
1942.81
99.58
1946.66
100.57
1940.69
100.57
1922.79
100.57
1925.78
100.57
1939.76
100.57
1916.01
100.58
1916.01
100.58
1917.22
100.59
1908.26
100.59
1896.47
101.60
1886.72
101.61
1877.76
101.61
1874.83
101.61
1877.82
101.61
1873.75
101.61
1859.73
101.60
1858.74
101.60
1851.73
101.60
1840.77
102.60
1842.85
101.61
1821.72
101.59
1819.73
101.59
1826.90
102.60
1804.99
101.61
1793.89
101.60
1793.87
102.59
1776.94
102.59
1777.96
102.59
1762.03
102.59
1754.09
102.60
1741.99
102.59
1739.00
102.59
1733.17
102.60
1720.22
102.60
1710.35
103.60
1700.32
102.60
1693.35
102.60
1674.49
102.60
1672.50
103.60
1672.41
102.60
1638.54
102.60
1635.75
102.61
1623.75
103.60
1607.81
103.60
1598.94
103.61
1583.00
103.61
1570.07
103.61
1570.01
103.60
1545.10
103.60
1533.00
103.59
1520.05
103.59
1507.82
103.58
1502.48
104.55
1485.55
104.55
1470.17
104.51
1470.17
103.52
1448.20
104.51
1438.15
104.50
1419.24
104.50
1406.14
104.49
1398.18
104.49
1378.18
104.48
1364.25
104.48
1345.34
104.48
1331.38
104.48
1315.46
104.48
1309.41
105.47
1288.40
105.46
1269.49
105.46
1254.47
105.45
1242.54
105.45
1222.53
105.44
1201.64
105.44
1192.54
105.43
1176.60
106.42
1151.74
105.43
1133.96
106.43
1124.01
106.43
1103.36
106.46
1087.65
106.48
1058.79
106.48
1050.00
106.49
1033.08
106.49
1009.34
106.51
992.55
106.52
975.62
105.53
963.85
105.55
947.92
105.55
947.95
105.55
916.24
105.57
901.30
104.57
881.50
105.58
872.54
105.58
858.69
105.59
839.81
104.60
828.86
104.60
809.04
104.62
798.08
104.62
787.23
104.63
772.30
103.64
761.34
104.63
751.33
103.63
733.40
103.63
725.34
103.62
711.24
103.60
701.28
104.59
691.21
104.58
683.24
103.58
675.24
103.58
668.27
103.58
652.34
103.58
642.44
103.59
630.49
102.59
625.54
103.59
618.57
102.60
606.65
102.60
598.76
102.62
587.80
102.62
535.13
101.64
537.12
102.64
535.13
101.64
536.13
102.64
536.17
102.65
536.26
102.67
539.25
101.67
541.24
101.67
548.22
101.67
548.25
101.68
551.25
101.68
557.23
101.68
563.21
101.68
565.20
101.68
572.11
101.66
572.17
101.67
579.15
100.68
586.13
100.68
589.12
100.68
593.03
100.67
599.01
99.67
607.98
99.67
612.96
99.67
619.93
99.67
625.86
99.66
629.85
99.66
632.87
99.66
640.88
99.67
646.86
98.67
650.84
98.67
658.81
98.67
665.83
98.68
667.91
98.69
673.90
98.69
678.86
98.69
684.84
98.69
692.83
98.69
697.84
97.70
704.82
97.70
708.84
97.70
714.82
97.70
714.91
97.71
728.85
97.71
732.84
97.71
740.87
97.72
746.85
97.72
751.90
97.73
763.89
97.73
762.89
97.73
762.91
96.73
782.85
96.73
787.81
96.73
795.75
96.73
800.74
96.73
807.71
96.73
819.67
96.73
826.60
96.72
826.60
96.72
839.60
96.72
847.56
96.72
856.53
96.72
867.55
96.73
873.54
96.73
885.47
96.72
887.53
96.73
887.53
96.73
907.45
96.73
922.41
96.73
927.41
96.73
942.41
96.73
943.41
96.73
960.39
96.74
956.40
96.74
974.37
96.74
987.34
96.74
992.33
96.74
998.29
95.74
1009.26
96.74
1023.28
95.75
1031.29
95.75
1039.27
95.75
1049.27
95.75
1068.23
95.75
1079.14
95.75
1081.04
95.74
1103.98
95.74
1108.98
95.74
1125.94
95.74
1139.88
95.74
1148.85
95.74
1159.74
95.73
1177.68
95.73
1185.66
95.73
1201.61
95.73
1211.58
95.73
1223.62
95.74
1235.63
95.74
1247.59
95.74
1262.54
95.74
1277.50
95.74
1289.40
95.73
1303.50
95.74
1313.47
95.74
1329.48
95.75
1348.43
95.75
1351.36
95.74
1369.18
95.73
1384.14
94.74
1398.97
95.72
1418.91
95.72
1430.93
94.73
1439.93
94.73
1464.85
94.73
1471.73
94.73
1486.69
94.73
1509.49
94.72
1523.27
94.71
1536.23
94.71
1545.89
94.69
1560.84
94.69
1560.67
94.68
1581.42
95.66
1596.37
94.67
1621.07
95.65
1630.03
95.65
1643.88
94.65
1658.82
95.64
1662.76
94.64
1662.61
94.64
1695.48
95.63
1702.40
95.63
1723.32
95.63
1725.38
95.63
1733.66
95.65
1747.61
94.65
1756.88
94.67
1760.87
94.67
1783.94
95.68
1788.06
95.68
1797.03
95.68
1808.99
95.68
1824.93
95.68
1825.14
95.69
1829.22
95.70
1842.18
95.70
1849.18
95.70
1862.14
95.70
1872.18
95.70
1870.03
95.69
1879.00
96.69
1878.91
96.69
1898.84
95.69
1915.03
96.70
1902.98
96.69
1914.94
96.69
1924.92
96.69
1919.93
96.69
1933.07
96.70
1933.07
96.70
1925.19
96.71
1946.15
96.71
1962.10
96.71
1957.16
96.71
1953.17
96.71
1969.15
97.71
1968.23
96.72
1968.23
96.72
1988.44
96.73
1994.43
97.73
1988.41
96.73
1988.40
97.72
2008.35
97.72
2014.66
96.74
2024.85
97.70
2025.84
97.70
2023.85
97.70
2031.87
97.71
2041.75
97.70
2045.73
97.70
2033.52
97.69
2033.52
97.69
2025.50
97.69
2000.13
98.66
1999.13
98.66
2009.58
98.64
1996.63
98.64
1988.60
98.63
1969.10
98.60
1969.10
99.60
1967.54
99.57
1970.53
99.57
1959.49
100.56
1930.62
100.56
1930.27
100.55
1941.44
100.56
1921.53
100.56
1913.44
100.55
1921.40
100.55
1910.82
100.57
1901.76
100.56
1896.78
100.56
1904.12
100.58
1892.17
101.58
1890.01
101.57
1887.13
101.58
1877.17
101.58
1871.93
101.56
1868.94
101.56
1861.00
101.56
1856.98
101.56
1842.05
102.56
1836.11
101.56
1827.15
101.56
1835.11
102.56
1817.20
101.56
1816.20
102.56
1799.28
102.56
1800.28
102.56
1795.41
102.57
1774.50
102.57
1766.54
102.57
1749.75
102.57
1745.76
102.57
1738.80
102.58
1730.83
102.58
1720.02
102.58
1714.00
102.58
1707.03
102.58
1689.08
102.58
1686.09
102.58
1669.26
102.59
1667.22
102.58
1645.31
102.58
1641.27
103.58
1633.31
103.58
1633.24
103.57
1602.41
103.57
1598.42
103.57
1570.50
103.57
1568.51
103.57
1556.63
103.58
1539.60
103.57
1528.65
103.57
1528.70
103.57
1503.80
103.57
1494.81
103.57
1478.85
103.57
1463.91
104.56
1452.97
104.57
1437.04
104.57
1423.05
103.57
1423.18
104.57
1394.30
104.57
1387.27
104.57
1365.36
104.57
1355.46
103.58
1340.42
104.56
1324.48
104.56
1304.51
104.56
1304.51
104.56
1275.55
104.55
1261.61
104.55
1250.56
104.55
1229.67
104.55
1211.74
104.55
1191.78
105.54
1179.83
105.54
1161.88
105.53
1145.81
105.52
1131.87
105.52
1114.84
105.51
1090.95
105.51
1076.01
105.51
1053.26
105.53
1037.33
105.53
1019.64
105.55
995.74
105.55
987.01
105.57
973.13
105.58
954.20
105.58
941.44
104.60
921.52
104.60
906.64
105.61
894.73
105.61
877.79
104.62
864.75
105.60
852.80
105.60
836.85
104.61
823.89
104.60
807.95
104.60
796.77
104.58
785.81
104.58
785.72
104.56
761.82
104.56
750.76
104.55
734.78
104.54
723.83
104.54
715.89
104.55
700.96
104.55
691.03
104.55
691.08
104.56
676.14
103.56
667.25
103.57
654.30
103.57
647.38
103.58
636.49
103.59
625.54
103.59
616.65
103.61
616.65
102.61
595.88
102.64
587.97
102.65
535.06
102.63
537.05
101.63
539.04
102.63
538.04
102.63
538.04
102.63
539.09
102.64
540.05
102.63
547.03
102.63
548.99
102.62
551.98
102.62
557.99
101.63
559.98
101.63
563.00
101.64
572.90
100.63
571.91
100.63
571.89
100.63
582.85
100.63
585.86
100.63
593.85
100.64
597.84
99.64
604.82
100.64
611.79
100.64
615.83
99.65
615.83
98.65
627.79
98.65
632.82
99.66
637.81
98.66
644.75
98.66
646.80
98.66
655.77
98.66
660.79
97.67
665.78
98.67
671.74
97.67
675.80
98.68
686.76
98.68
690.75
97.68
693.74
97.68
693.75
97.68
704.82
97.70
709.80
97.70
722.75
97.70
723.75
97.70
733.71
97.69
738.72
97.70
744.70
97.70
744.69
97.70
758.65
97.70
763.62
96.70
770.60
96.70
776.67
97.71
784.60
97.70
789.58
96.70
798.62
96.71
798.62
96.71
814.60
96.72
822.60
96.72
835.56
96.72
839.60
96.72
841.60
96.72
851.55
96.72
861.62
96.73
861.62
96.73
877.48
96.72
886.45
96.72
890.53
95.73
904.50
95.74
909.49
95.74
909.50
96.73
929.45
96.73
936.44
96.74
953.48
96.74
957.47
96.74
973.43
95.75
976.42
96.74
988.44
96.75
988.30
95.74
1007.25
96.74
1008.32
96.74
1025.27
95.75
1034.13
96.73
1049.09
96.73
1060.16
95.74
1078.10
95.74
1078.10
95.74
1095.96
95.73
1104.93
96.73
1113.97
96.74
1130.95
95.74
1141.92
96.74
1159.91
95.75
1168.89
95.75
1178.78
95.74
1191.69
95.73
1205.65
95.73
1213.57
95.73
1229.53
95.73
1243.52
95.73
1243.49
95.73
1268.42
95.73
1277.33
95.73
1294.28
95.73
1306.23
95.72
1319.21
95.73
1340.15
95.73
1342.16
95.73
1342.16
95.73
1385.00
95.72
1383.06
95.73
1407.99
95.73
1427.92
95.73
1434.90
95.73
1455.87
95.73
1464.92
95.73
1464.92
94.74
1505.72
94.73
1506.72
95.73
1525.58
95.72
1543.53
94.73
1551.36
94.72
1573.08
94.70
1577.07
95.70
1594.91
95.69
1612.86
95.69
1624.60
95.68
1639.46
95.68
1646.44
95.68
1661.33
95.67
1681.26
95.67
1693.10
95.67
1700.80
94.65
1714.74
94.65
1725.74
94.66
1739.69
94.66
1751.60
94.65
1758.57
95.65
1758.57
94.65
1784.35
94.65
1782.36
95.64
1791.52
95.65
1799.45
95.65
1811.40
95.65
1818.46
95.66
1833.41
96.65
1839.34
96.65
1857.39
96.66
1860.38
96.66
1862.35
96.65
1876.30
96.65
1884.24
96.65
1889.22
96.65
1903.19
96.65
1903.03
95.65
1912.99
96.65
1917.15
96.65
1916.15
96.65
1927.11
96.65
1931.15
96.66
1936.13
96.66
1941.20
96.66
1942.19
95.66
1954.28
96.67
1940.25
96.66
1961.17
96.66
1968.46
96.68
1969.46
96.68
1968.39
96.68
1983.45
96.68
1980.46
96.68
1984.40
96.68
1996.36
96.68
2009.51
96.69
2004.51
97.68
2000.53
96.69
2014.63
97.69
2050.32
96.68
2050.32
96.68
2053.31
97.68
2058.25
97.68
2064.27
97.68
2054.30
97.68
2040.26
97.68
2027.30
97.68
2018.81
97.65
2029.78
97.65
2021.52
97.64
2013.27
98.62
2005.30
98.62
1993.82
98.60
1981.87
98.60
1986.43
98.57
1976.37
98.57
1950.48
99.57
1947.32
99.56
1962.26
99.56
1962.44
99.57
1927.58
99.57
1925.59
100.56
1933.51
100.56
1933.51
100.56
1903.80
100.57
1920.81
100.57
1919.81
100.57
1920.10
100.59
1892.21
100.59
1897.21
101.58
1886.40
100.59
1872.45
100.59
1886.41
100.60
1870.47
100.60
1872.47
100.60
1872.61
100.60
1853.69
101.60
1854.70
101.60
1848.72
101.60
1822.95
101.61
1831.91
101.61
1827.77
101.60
1796.78
101.59
1796.78
101.59
1795.89
101.60
1774.97
102.59
1781.79
101.59
1757.05
101.60
1759.04
102.59
1753.90
102.58
1744.93
102.58
1739.91
102.58
1724.92
102.58
1718.94
102.58
1711.91
102.58
1701.95
102.58
1689.96
102.57
1689.94
102.57
1666.04
102.57
1652.10
102.57
1644.13
103.57
1629.26
103.57
1629.16
103.56
1611.23
103.56
1604.16
103.56
1604.16
103.56
1571.27
103.56
1563.21
103.55
1546.28
103.55
1539.25
103.55
1524.31
103.55
1512.33
103.54
1495.42
103.54
1495.42
103.54
1473.66
103.55
1458.72
103.55
1448.82
104.55
1428.90
103.56
1422.98
103.56
1402.91
103.55
1387.98
104.55
1381.03
104.55
1363.11
104.55
1347.04
104.54
1339.93
104.53
1318.03
104.53
1302.92
104.51
1285.00
104.51
1273.87
104.50
1256.86
104.49
1238.95
105.48
1223.03
104.49
1208.10
105.48
1188.17
105.48
1171.26
105.48
1160.31
105.48
1138.45
105.49
1124.52
105.49
1109.64
105.49
1083.80
105.49
1069.87
106.49
1044.26
105.52
1025.34
105.52
1015.53
105.54
992.75
105.55
980.80
105.55
966.91
105.55
947.99
105.55
936.05
104.56
916.13
105.55
901.25
104.57
888.37
105.57
872.44
104.57
856.67
104.59
845.71
104.59
828.91
104.61
817.04
104.62
797.12
104.62
785.37
103.65
774.41
103.65
774.35
103.65
749.41
103.64
738.45
103.64
724.34
103.62
715.38
103.62
706.36
103.61
697.35
103.61
688.39
103.61
688.25
103.59
667.34
103.59
657.30
103.57
644.32
103.57
636.36
103.57
630.36
103.57
617.42
103.57
608.46
102.57
608.51
103.58
588.59
102.58
539.19
102.66
537.20
102.66
538.19
102.66
540.19
102.66
539.25
102.67
539.25
101.67
541.31
101.68
545.28
101.68
550.26
101.68
554.23
101.68
557.22
101.68
561.23
101.68
570.22
100.68
571.21
101.68
574.19
100.68
578.18
100.68
585.17
100.68
592.13
100.68
595.12
99.69
600.10
100.68
608.07
99.68
613.05
99.68
621.06
99.69
624.05
99.69
628.00
99.68
636.98
98.69
641.95
98.69
645.03
98.70
653.01
98.70
658.92
98.69
665.90
98.69
669.88
98.69
676.89
98.69
680.88
98.69
686.84
98.69
690.82
97.69
702.86
98.70
706.85
98.70
708.85
98.70
717.83
98.70
724.80
98.70
726.89
97.72
732.87
97.72
739.79
97.71
750.87
97.72
751.87
97.72
763.88
97.73
767.87
97.73
772.91
96.74
776.89
97.73
785.87
97.73
797.84
97.74
803.83
96.74
812.85
96.74
816.85
97.74
827.82
96.75
830.76
96.74
840.73
96.74
848.88
96.76
853.78
96.75
863.75
96.75
875.84
96.76
885.82
96.76
885.74
96.75
900.69
96.75
905.68
96.75
920.67
96.75
926.65
96.75
931.65
96.76
938.65
96.76
950.62
96.76
954.66
96.76
970.62
96.76
977.58
96.76
986.56
96.76
994.55
96.76
998.50
96.76
1018.45
96.76
1033.41
96.76
1033.41
96.76
1050.37
96.76
1061.41
96.76
1067.40
96.76
1077.39
95.77
1091.36
95.77
1109.26
96.76
1123.32
95.77
1127.31
96.77
1144.25
95.77
1156.23
95.77
1167.18
95.77
1182.13
95.77
1194.10
95.77
1204.05
95.77
1217.02
95.77
1229.92
95.76
1243.91
96.76
1257.88
95.76
1267.83
95.76
1278.80
95.76
1293.66
96.75
1300.63
96.75
1327.56
96.75
1331.60
96.75
1346.56
96.75
1366.55
95.76
1372.53
95.76
1389.51
95.76
1406.47
95.76
1416.45
95.76
1447.35
95.76
1452.34
95.76
1468.37
95.76
1482.30
95.76
1499.26
95.76
1514.96
95.74
1521.94
95.74
1538.67
95.73
1558.53
95.73
1565.51
95.73
1586.34
95.72
1587.34
95.72
1603.26
95.72
1619.19
95.72
1635.15
95.72
1653.09
94.72
1665.05
94.72
1677.92
94.71
1685.96
94.72
1695.93
94.72
1703.84
94.71
1710.82
95.71
1726.75
95.71
1745.74
95.71
1744.74
95.71
1764.62
95.71
1763.62
95.71
1769.70
95.71
1782.62
95.71
1787.61
95.71
1802.59
96.71
1801.59
96.71
1821.53
96.71
1822.53
96.71
1841.50
96.71
1843.60
96.72
1852.57
96.72
1863.47
96.71
1863.47
96.71
1883.34
96.71
1881.24
96.70
1883.23
96.70
1907.29
96.71
1901.31
96.71
1912.29
96.71
1930.27
96.71
1929.27
96.71
1925.45
96.72
1944.40
96.72
1940.39
96.72
1937.42
96.72
1947.39
96.72
1955.52
96.73
1963.49
96.73
1964.48
96.73
1973.50
96.73
1983.47
96.73
1979.79
96.75
1995.75
97.74
1994.73
96.74
1994.78
96.75
1994.78
97.74
2017.76
97.75
2033.56
97.74
2035.55
97.74
2037.55
97.74
2041.41
97.73
2052.38
97.73
2050.03
98.71
2035.89
98.70
2021.93
98.70
2026.79
98.70
2029.79
98.70
2023.60
98.69
2007.57
98.68
1992.62
98.68
1985.30
98.67
1989.29
99.66
1981.93
99.64
1961.73
99.63
1959.74
99.63
1951.22
99.60
1950.22
99.60
1927.96
100.58
1935.59
100.56
1933.60
100.56
1923.59
101.56
1912.64
101.56
1901.53
100.55
1908.68
101.56
1902.71
100.56
1904.54
101.55
1898.57
101.55
1875.92
101.56
1880.86
101.56
1884.85
101.56
1854.07
101.57
1865.03
101.57
1870.92
101.56
1848.02
101.56
1842.03
101.56
1839.16
101.57
1828.21
101.57
1830.00
101.56
1807.10
102.55
1815.13
102.56
1806.98
102.54
1783.09
102.54
1791.77
102.53
1765.89
102.53
1765.75
102.52
1762.79
102.52
1749.85
102.52
1745.82
102.52
1728.90
102.52
1723.89
102.52
1716.11
102.53
1702.17
102.53
1693.31
102.53
1676.39
102.53
1675.47
102.54
1657.45
102.53
1654.46
103.53
1635.80
103.54
1628.83
103.54
1611.98
103.55
1601.98
103.55
1583.06
103.55
1577.97
103.54
1569.01
103.54
1569.12
103.55
1538.25
103.55
1526.19
103.54
1514.15
103.53
1500.21
103.53
1494.33
103.54
1477.40
103.54
1469.33
103.53
1469.27
103.53
1429.45
103.53
1422.60
103.53
1402.69
103.53
1386.81
103.54
1382.74
104.53
1363.83
104.53
1348.88
104.53
1348.88
104.53
1316.91
104.52
1305.89
104.51
1290.96
104.51
1274.94
104.50
1259.01
104.50
1258.82
104.49
1228.79
104.47
1210.88
104.47
1190.90
104.46
1178.96
105.46
1162.97
105.45
1140.12
105.46
1131.17
105.46
1131.30
105.47
1093.49
105.47
1078.73
105.48
1055.05
105.50
1039.12
105.50
1019.51
105.54
1000.60
105.54
987.72
105.54
987.72
105.54
955.84
105.54
943.95
104.55
922.04
105.55
910.21
104.56
895.27
105.56
876.36
105.56
865.62
104.59
865.62
104.59
833.83
104.60
822.87
104.60
809.05
104.62
793.20
104.63
780.25
103.63
767.28
103.63
754.32
103.63
745.34
103.63
729.35
103.62
720.38
103.62
712.37
103.62
696.43
103.62
697.32
103.60
682.31
102.60
671.36
103.59
663.25
102.57
649.31
103.57
643.29
103.56
635.35
102.57
622.40
102.57
610.49
103.57
602.52
102.58
593.63
102.59
584.66
102.59
533.20
101.66
533.20
101.66
533.20
101.66
533.19
101.65
532.19
102.65
532.21
101.66
537.20
101.66
539.22
101.66
545.26
101.67
545.26
101.67
551.22
101.67
555.20
101.67
562.20
100.68
564.21
100.68
569.19
100.68
572.15
100.68
579.13
100.68
583.11
100.67
590.14
100.68
594.13
100.68
602.09
99.68
606.08
99.68
613.04
99.68
618.08
99.69
626.05
99.69
634.02
99.69
636.01
99.69
638.99
98.69
646.07
98.71
652.06
98.71
659.98
98.70
663.96
98.70
668.00
98.70
670.99
98.70
677.04
97.72
681.94
98.70
689.91
98.70
695.98
98.71
703.96
97.72
714.99
97.72
714.99
97.72
723.96
98.72
725.02
97.73
735.00
97.73
744.94
97.73
749.02
97.74
756.99
97.74
759.98
97.74
768.95
97.74
772.98
97.74
780.95
97.74
784.94
97.74
799.90
97.74
804.89
97.74
815.87
97.74
820.90
97.75
826.89
96.75
829.86
96.75
839.83
96.75
847.95
96.77
856.86
96.76
861.85
96.76
872.94
96.77
878.93
96.77
886.86
96.77
895.84
96.77
903.88
96.77
913.87
96.77
913.87
96.77
929.90
96.78
943.87
96.78
950.91
96.79
962.97
96.80
964.97
96.80
978.95
96.80
982.94
96.80
989.90
96.79
1001.88
96.80
1016.85
96.80
1025.93
96.80
1040.90
96.80
1047.84
96.80
1059.86
96.80
1068.84
96.80
1081.76
96.80
1094.74
95.80
1103.70
95.80
1109.68
95.80
1140.62
96.80
1141.61
96.80
1141.61
96.80
1168.51
96.79
1176.55
96.80
1191.52
96.80
1206.48
96.80
1212.47
96.80
1229.43
96.80
1242.40
96.80
1251.52
96.81
1268.45
95.81
1283.42
96.81
1291.33
96.80
1306.30
95.80
1321.36
96.81
1340.34
96.81
1349.32
96.81
1358.42
96.82
1381.37
96.82
1391.36
96.82
1396.26
95.81
1420.22
95.81
1429.22
95.81
1429.22
95.81
1464.06
95.81
1474.04
95.81
1491.01
95.81
1504.03
95.81
1516.01
95.81
1535.94
95.81
1544.67
95.79
1544.67
95.79
1580.37
95.78
1590.35
95.78
1603.16
95.77
1615.93
96.76
1633.88
95.76
1633.88
95.76
1658.82
95.76
1673.67
95.75
1680.72
95.76
1695.68
95.76
1708.66
96.75
1718.63
95.76
1729.60
96.75
1729.60
95.76
1749.64
96.76
1756.56
96.76
1767.53
96.76
1775.64
96.76
1784.61
96.76
1788.58
96.76
1801.46
96.76
1801.46
96.76
1818.34
96.75
1831.31
97.75
1833.48
96.76
1844.40
96.76
1850.39
97.76
1850.41
97.76
1876.34
97.76
1876.31
96.76
1882.39
97.76
1896.36
97.76
1898.46
97.77
1900.46
97.77
1918.39
96.77
1918.54
96.78
1926.52
96.78
1929.42
97.77
1932.42
97.77
1936.56
96.78
1954.46
97.77
1958.45
97.77
1957.57
96.78
1957.57
97.78
1973.54
97.78
1973.54
97.78
1972.59
97.78
1975.54
97.78
1986.51
97.78
1986.53
97.78
1993.51
97.78
2002.56
97.78
2010.46
97.78
