FIFO overflow!
0.00
0.00
0.00
0.00
0.00
0.00
0.00
0.00
0.00
0.00
0.00
0.00
0.00
0.00

Xbox 360 Controller Connected
0.00
FIFO overflow!
0.00
0.00
0.00
0.00
0.00
0.00
0.00
0.00
0.00
0.00
0.00
0.00
0.00
0.00
0.00
0.00
0.00
0.00
0.00
0.00
0.00
0.00
0.00
0.00
0.00
0.00
0.00
0.00
0.00
0.00
0.00
0.00
0.00
0.00
0.00
0.00
0.00
0.00
0.00
0.00
0.00
0.00
0.00
0.00
0.00
0.00
0.00
0.00
0.00
0.00
0.00
0.00
0.00
0.00
0.00
0.00
0.00
0.00
0.00
0.00
0.00
0.00
0.00
0.00
0.00
0.00
0.00
0.00
0.00
0.00
0.00
0.00
0.00
0.00
0.00
0.00
0.00
0.00
0.00
0.00
0.00
0.00
0.00
0.00
0.00
0.00
0.00
0.00
0.00
0.00
0.00
0.00
0.00
0.00
0.00
0.00
0.00
0.00
0.00
0.00
0.00
0.00
0.00
0.00
0.00
0.00
0.00
0.00
0.00
0.00
0.00
0.00
0.00
0.00
0.00
0.00
0.00
0.00
0.00
0.00
0.00
0.00
0.00
0.00
0.00
0.00
0.00
0.00
0.00
0.00
0.00
0.00
0.00
0.00
0.00
0.00
0.00
0.00
0.00
0.00
0.00
0.00
0.00
0.00
0.00
0.00
0.00
0.00
0.00
0.00
0.00
0.00
0.00
0.00
0.00
0.00
0.00
0.00
0.00
0.00
0.00
0.00
0.00
0.00
0.00
0.00
0.00
0.00
0.00
0.00
0.00
0.00
0.00
0.00
0.00
0.00
0.00
0.00
0.00
0.00
0.00
0.00
0.00
0.00
0.00
0.00
0.00
0.00
0.00
0.00
0.00
0.00
0.00
0.00
0.00
0.00
0.00
0.00
0.00
0.00
0.00
0.00
0.00
0.00
0.00
0.00
0.00
0.00
0.00
0.00
0.00
0.00
0.00
0.00
0.00
0.00
0.00
0.00
0.00
0.00
0.00
0.00
0.00
0.00
0.00
0.00
0.00
0.00
0.00
0.00
0.00
0.00
0.00
0.00
0.00
0.00
0.00
0.00
0.00
0.00
0.00
0.00
0.00
0.00
0.00
0.00
0.00
0.00
0.00
0.00
0.00
0.00
0.00
0.00
0.00
0.00
0.00
0.00
0.00
0.00
0.00
0.00
0.00
0.00
0.00
0.00
0.00
0.00
0.00
0.00
0.00
0.00
0.00
0.00
0.00
0.00
0.00
0.00
0.00
0.00
0.00
0.00
0.00
0.00
0.00
0.00
0.00
0.00
0.00
0.00
0.00
0.00
0.00
0.00
0.00
0.00
0.00
0.00
0.00
0.00
0.00
0.00
0.00
0.00
0.00
0.00
0.00
0.00
0.00
0.00
0.00
0.00
0.00
0.00
0.00
0.00
0.00
0.00
0.00
0.00
0.00
0.00
0.00
0.00
0.00
0.00
0.00
0.00
0.00
98.00	98.00
97.92
97.92
97.92
97.92
97.92
97.92
97.92
97.92
97.92
97.92
97.92
97.92
97.92
97.92
97.92
97.92
97.92
97.92
97.92
97.92
97.92
97.92
97.92
97.92
97.92
97.92
97.92
97.92
97.92
97.92
97.92
97.92
97.92
97.92
97.92
97.92
97.92
97.92
97.92
97.92
97.92
97.92
97.92
97.92
97.92
97.92
97.92
97.92
97.92
97.92
97.92
97.92
97.92
97.92
97.92
97.92
97.92
97.92
97.92
97.92
97.92
97.92
97.92
97.92
97.92
97.92
97.92
97.92
97.92
97.92
97.92
97.92
97.92
97.92
97.92
97.92
97.92
97.92
97.92
97.92
97.92
97.92
97.92
97.92
97.92
97.92
97.92
97.92
97.92
97.92
97.92
97.92
97.92
97.92
97.92
97.92
97.92
97.92
97.92
97.92
97.92
97.92
97.92
97.92
97.92
97.92
97.92
97.92
97.92
97.92
97.92
97.92
97.92
97.92
97.92
97.92
97.92
97.92
97.92
97.92
97.92
97.92
97.92
97.92
97.92
97.92
97.92
97.92
97.92
97.92
97.92
97.92
97.92
97.92
97.92
97.92
97.92
97.92
97.92
97.92
97.92
97.92
97.92
97.92
97.92
97.92
97.92
97.92
97.92
97.92
97.92
97.92
97.92
97.92
97.92
97.92
97.92
97.92
97.92
97.92
97.92
97.92
97.92
97.92
97.92
97.92
97.92
97.92
97.92
97.92
97.92
97.92
97.92
97.92
97.92
97.92
97.92
97.92
97.92
97.92
97.92
97.92
97.92
97.92
97.92
97.92
97.92
97.92
97.92
97.92
97.92
97.92
97.92
97.92
97.92
97.92
97.92
97.92
97.92
97.92
97.92
97.92
97.92
97.92
97.92
97.92
97.92
97.92
97.92
97.92
97.92
97.92
97.92
97.92
97.92
97.92
97.92
97.92
97.92
97.92
97.92
97.92
97.92
97.92
97.92
97.92
97.92
97.92
97.92
97.92
97.92
97.92
97.92
97.92
97.92
97.92
97.92
97.92
97.92
97.92
97.92
97.92
97.92
97.92
97.92
97.92
97.92
97.92
97.92
97.92
97.92
97.92
97.92
97.92
97.92
97.92
97.92
97.92
97.92
97.92
97.92
97.92
97.92
97.92
97.92
97.92
97.92
97.92
97.92
97.92
97.92
97.92
97.92
97.92
97.92
97.92
97.92
97.92
97.92
97.92
97.92
97.92
97.92
97.92
97.92
97.92
97.92
97.92
97.92
97.92
97.92
97.92
97.92
97.92
97.92
97.92
97.92
97.92
97.92
97.92
97.92
97.92
97.92
97.92
97.92
97.92
97.92
97.92
97.92
97.92
97.92
97.92
97.92
97.92
97.92
97.92
97.92
97.92
97.92
97.92
97.92
97.92
97.92
97.92
97.92
97.92
97.92
97.92
97.92
97.92
97.92
97.92
97.92
97.92
97.92
97.92
97.92
97.92
97.92
97.92
97.92
97.92
97.92
97.92
97.92
97.92
97.92
97.92
97.92
97.91
97.91
97.91
97.91
97.91
97.91
97.91
97.91
97.91
97.91
97.91
97.91
97.91
97.91
97.90
97.90
97.90
97.90
97.90
97.90
97.89
97.89
97.89
97.89
98.88
98.88
98.88
98.88
98.88
98.88
98.87
98.87
98.87
98.87
98.85
98.85
98.85
98.85
98.85
98.85
98.85
98.85
97.83
97.83
97.83
97.83
97.83
97.83
98.82
98.82
97.82
97.82
97.82
97.82
98.81
98.81
98.81
98.81
98.80
98.80
98.80
98.80
98.79
98.79
98.78
98.78
98.78
98.78
99.77
99.77
99.77
99.77
98.77
98.77
99.75
99.75
98.75
98.75
98.75
98.75
99.74
99.74
98.73
98.73
98.72
98.72
99.71
99.71
99.69
99.69
99.69
99.69
98.67
98.67
98.66
98.66
98.66
98.66
99.64
99.64
99.64
99.64
99.61
99.61
99.61
99.61
99.60
99.60
99.58
99.58
99.58
99.58
99.57
99.57
99.57
99.57
99.56
99.56
99.54
99.54
99.54
99.54
100.51
100.51
100.51
100.51
100.51
100.51
100.48
100.48
101.48
101.48
101.46
101.46
101.46
101.46
102.43
102.43
102.40
102.40
102.40
102.40
102.37
102.37
102.37
102.37
103.34
103.34
102.30
102.30
103.29
103.29
104.26
104.26
103.26
103.26
103.25
103.25
104.21
104.21
104.21
104.21
104.16
104.16
105.15
105.15
105.13
105.13
106.09
106.09
106.09
106.09
106.05
106.05
107.04
107.04
107.00
107.00
107.00
107.00
107.95
107.95
107.91
107.91
108.90
108.90
108.85
108.85
108.85
108.85
109.80
109.80
109.77
109.77
110.76
110.76
110.72
110.72
110.72
110.72
111.66
111.66
112.59
112.59
112.59
112.59
113.51
113.51
113.51
113.51
113.44
113.44
114.33
114.33
114.33
114.33
115.28
115.28
116.26
116.26
116.22
116.22
118.14
118.14
117.16
117.16
118.06
118.06
119.05
119.05
118.96
118.96
119.90
119.90
119.90
119.90
119.82
119.82
121.79
121.79
121.75
121.75
122.73
122.73
122.69
122.69
123.62
123.62
124.60
124.60
124.55
124.55
125.53
125.53
125.49
125.49
126.42
126.42
126.42
126.42
127.39
127.39
127.39
127.39
128.34
128.34
128.26
128.26
129.24
129.24
129.22
129.22
130.20
130.20
130.14
130.14
131.05
131.05
131.05
131.05
131.98
131.98
131.98
131.98
131.90
131.90
132.80
132.80
133.78
133.78
134.67
134.67
134.67
134.67
134.61
134.61
135.49
135.49
135.49
135.49
136.38
136.38
137.35
137.35
137.26
137.26
137.26
137.26
137.26
137.26
137.26
137.26
137.26
137.26
137.26
137.26
137.26
137.26
137.26
137.26
137.26
137.26
137.26
137.26
137.26
137.26
137.26
137.26
137.26
137.26
137.26
137.26
137.26
137.26
137.26
137.26
137.26
137.26
137.26
137.26
137.26
137.26
137.26
137.26
137.26
137.26
137.26
137.26
137.26
137.26
137.26
137.26
137.26
137.26
137.26
137.26
137.26
137.26
137.26
137.26
137.26
137.26
137.26
137.26
137.26
137.26
137.26
137.26
137.26
137.26
137.26
137.26
137.26
137.26
137.26
137.26
137.26
137.26
137.26
137.26
137.26
137.26
137.26
137.26
137.26
137.26
137.26
137.26
137.26
137.26
137.26
137.26
137.26
137.26
137.26
137.26
137.26
137.26
137.26
137.26
137.26
137.26
137.26
137.26
137.26
137.26
137.26
137.26
137.26
137.26
137.26
137.26
137.26
137.26
137.26
137.26
137.26
137.26
137.26
137.26
137.26
137.26
137.26
137.26
137.26
137.26
137.26
137.26
137.26
137.26
137.26
137.26
137.26
137.26
137.26
137.26
137.26
137.26
137.26
137.26
137.26
137.26
137.26
137.26
137.26
137.26
137.26
137.26
137.26
137.26
137.26
137.26
137.26
137.26
137.26
137.26
137.26
137.26
137.26
137.26
137.26
137.26
137.26
137.26
137.26
137.26
137.26
137.26
137.26
137.26
137.26
137.26
137.26
137.26
137.26
137.26
137.26
137.26
137.26
137.26
137.26
137.26
137.26
137.26
137.26
137.26
137.26
137.26
137.26
137.26
137.26
137.26
137.26
137.26
137.26
137.26
137.26
137.26
137.26
137.26
137.26
137.26
137.26
137.26
137.26
137.26
137.26
137.26
137.26
137.26
137.26
137.26
137.26
137.26
137.26
137.26
137.26
137.26
137.26
137.26
137.26
137.26
137.26
137.26
137.26
137.26
137.26
137.26
137.26
137.26
137.26
137.26
137.26
137.26
137.26
137.26
137.26
137.26
137.26
137.26
137.26
137.26
137.26
137.26
137.26
137.26
137.26
137.26
137.26
137.26
137.26
137.26
137.26
137.26
137.26
137.26
137.26
137.26
137.26
137.26
137.26
137.26
137.26
137.26
137.26
137.26
137.26
137.26
137.26
137.26
137.26
137.26
137.26
137.26
137.26
137.26
137.26
137.26
137.26
137.26
137.26
137.26
137.26
137.26
137.26
137.26
137.26
137.26
137.26
137.26
137.26
137.26
137.26
137.26
137.26
137.26
137.26
137.26
137.26
137.26
137.26
137.26
137.26
137.26
137.26
137.26
137.26
137.26
137.26
137.26
137.26
137.26
137.26
137.26
137.26
137.26
137.26
137.26
137.26
137.26
137.26
137.26
137.26
137.26
137.26
137.26
137.26
137.26
137.26
137.26
137.26
137.26
137.26
137.26
137.26
137.26
137.26
137.26
137.26
137.26
137.26
137.26
137.26
137.26
137.26
137.26
137.26
137.26
137.26
137.26
137.26
137.26
137.26
137.26
137.26
137.26
137.26
137.26
137.26
137.26
137.26
137.26
137.26
137.26
137.26
137.26
137.26
137.26
137.26
137.26
137.26
137.26
137.26
137.26
137.26
137.26
137.26
137.26
137.26
137.26
137.26
137.26
137.26
137.26
137.26
137.26
137.26
137.26
137.26
137.26
137.26
137.26
137.26
137.26
137.26
137.26
137.26
137.26
137.26
137.26
137.26
137.26
137.26
137.26
137.26
137.26
137.26
137.26
137.26
137.26
137.26
137.26
137.26
137.26
137.26
137.26
137.26
137.26
137.26
137.26
137.26
137.26
137.26
137.26
137.26
137.26
137.26
137.26
137.26
137.26
137.26
137.26
137.26
137.26
137.26
137.26
137.26
137.26
137.26
137.26
137.26
137.26
137.26
137.26
137.26
137.26
137.26
137.26
137.26
137.26
137.26
137.26
137.26
137.26
137.26
137.26
137.26
137.26
137.26
137.26
137.26
137.26
137.26
137.26
137.26
137.26
137.26
137.26
137.26
137.26
137.26
137.26
137.26
137.26
137.26
137.26
137.26
137.26
137.26
137.26
137.26
137.26
137.26
137.26
137.26
137.26
137.26
137.26
137.26
137.26
137.26
137.26
137.26
137.26
137.26
137.26
137.26
137.26
137.26
137.26
137.26
137.26
137.26
137.26
137.26
137.26
137.26
137.26
137.26
137.26
137.26
137.26
137.26
137.26
137.26
137.26
137.26
137.26
137.26
137.26
137.26
137.26
137.26
137.26
137.26
137.26
137.26
137.26
137.26
137.26
137.26
137.26
137.26
137.26
137.26
137.26
137.26
137.26
137.26
137.26
137.26
137.26
137.26
137.26
137.26
137.26
137.26
137.26
137.26
137.26
137.26
137.26
137.26
137.26
137.26
137.26
137.26
137.26
137.26
137.26
137.26
137.26
137.26
137.26
137.26
137.26
137.26
137.26
137.26
137.26
137.26
137.26
137.26
137.26
137.26
137.26
137.26
137.26
137.26
137.26
137.26
137.26
137.26
137.26
137.26
137.26
137.26
137.26
137.26
137.26
137.26
137.26
137.26
137.26
137.26
137.26
137.26
137.26
137.26
137.26
137.26
137.26
137.26
137.26
137.26
137.26
137.26
137.26
137.26
137.26
137.26
137.26
137.26
137.26
137.26
137.26
137.26
137.26
137.26
137.26
137.26
137.26
137.26
137.26
137.26
137.26
137.26
137.26
137.26
137.26
137.26
137.26
137.26
137.26
137.26
137.26
137.26
137.26
137.26
137.26
137.26
137.26
137.26
137.26
137.26
137.26
137.26
137.26
137.26
137.26
137.26
137.26
137.26
137.26
137.26
137.26
137.26
137.26
137.26
137.26
137.26
137.26
137.26
137.26
137.26
137.26
137.26
137.26
137.26
137.26
137.26
137.26
137.26
137.26
137.26
137.26
137.26
137.26
137.26
137.26
137.26
137.26
137.26
137.26
137.26
137.26
137.26
137.26
137.26
137.26
137.26
137.26
137.26
137.26
137.26
137.26
137.26
137.26
137.26
137.26
137.26
137.26
137.26
137.26
137.26
137.26
137.26
137.26
137.26
137.26
137.26
137.26
137.26
137.26
137.26
137.26
137.26
137.26
137.26
137.26
137.26
137.26
137.26
137.26
137.26
137.26
137.26
137.26
137.26
137.26
137.26
137.26
137.26
137.26
137.26
137.26
137.26
137.26
137.26
137.26
137.26
137.26
137.26
137.26
137.26
137.26
137.26
137.26
137.26
137.26
137.26
137.26
137.26
137.26
137.26
137.26
137.26
137.26
137.26
137.26
137.26
137.26
137.26
137.26
137.26
137.26
137.26
137.26
137.26
137.26
137.26
137.26
137.26
137.26
137.26
137.26
137.26
137.26
137.26
137.26
137.26
137.26
137.26
137.26
137.26
137.26
137.26
137.26
137.26
137.26
137.26
137.26
137.26
137.26
137.26
137.26
137.26
137.26
137.26
137.26
137.26
137.26
137.26
137.26
137.26
137.26
137.26
137.26
137.26
137.26
137.26
137.26
137.26
137.26
137.26
137.26
137.26
137.26
137.26
137.26
137.26
137.26
137.26
137.26
137.26
137.26
137.26
137.26
137.26
137.26
137.26
137.26
137.26
137.26
137.26
137.26
137.26
137.26
137.26
137.26
137.26
137.26
137.26
137.26
137.26
137.26
137.26
137.26
137.26
137.26
137.26
137.26
137.26
137.26
137.26
137.26
137.26
137.26
137.26
137.26
137.26
137.26
137.26
137.26
137.26
137.26
137.26
137.26
137.26
137.26
137.26
137.26
137.26
137.26
137.26
137.26
137.26
137.26
137.26
137.26
137.26
137.26
137.26
137.26
137.26
137.26
137.26
137.26
137.26
137.26
137.26
137.26
137.26
137.26
137.26
137.26
137.26
137.26
137.26
137.26
137.26
137.26
137.26
137.26
137.26
137.26
137.26
137.26
137.26
137.26
137.26
137.26
137.26
137.26
137.26
137.26
137.26
137.26
137.26
137.26
137.26
137.26
137.26
137.26
137.26
137.26
137.26
137.26
137.26
137.26
137.26
137.26
137.26
137.26
137.26
137.26
137.26
137.26
137.26
137.26
137.26
137.26
137.26
137.26
137.26
137.26
137.26
137.26
137.26
137.26
137.26
137.26
137.26
137.26
137.26
137.26
137.26
137.26
137.26
137.26
137.26
137.26
137.26
137.26
137.26
137.26
137.26
137.26
137.26
137.26
137.26
137.26
137.26
137.26
137.26
137.26
137.26
137.26
137.26
137.26
137.26
137.26
137.26
137.26
137.26
137.26
137.26
137.26
137.26
137.26
137.26
137.26
137.26
137.26
137.26
137.26
137.26
137.26
137.26
137.26
137.26
137.26
137.26
137.26
137.26
137.26
137.26
137.26
137.26
137.26
137.26
137.26
137.26
137.26
137.26
137.26
137.26
