48
Offsets : 0.93 0.12 0.05
Calibrated
FIFO overflow!
0.0021084481
84.4221084482
0.0021084483
0.2021084484
0.0021084485
0.0021084486
0.0021084487
0.0021084488
0.0021084489
0.00210844810
0.00210844811
0.00210844812
0.00210844813
0.00210844814
0.00210844815
0.00210844816
0.00210844817
0.00210844818
0.00210844819
0.00210844820
0.37210844821
0.37210844822
0.38210844823
0.38210844824
0.40210844825
0.40210844826
1.48210844827
1.60210844828
1.85210844829
1.92210844830
2.31210844831
2.59210844832
2.59210844833
2.96210844834
3.85210844835
4.07210844836
4.07210844837
5.19210844838
5.19210844839
5.19210844840
5.20210844841
5.60210844842
6.15210844843
6.30210844844
6.30210844845
6.92210844846
7.31210844847
8.40210844848
8.40210844849
8.40210844850
8.40210844851
8.40210844852
8.52210844853
9.60210844854
9.60210844855
9.60210844856
10.38210844857
10.77210844858
10.77210844859
11.11210844860
11.11210844861
12.31210844862
13.08210844863
13.08210844864
13.20210844865
13.08210844866
13.08210844867
13.20210844868
13.08210844869
13.20210844870
13.20210844871
13.33210844872
13.83210844873
13.83210844872
13.83210844871
13.20210844870
13.83210844869
12.31210844868
13.00210844867
12.69210844866
12.69210844865
12.91210844864
12.91210844863
12.91210844862
12.69210844861
12.91210844860
12.91210844859
12.91210844858
13.00210844857
12.91210844856
13.00210844855
