Offsets : -3.08 0.13 0.06
Calibrated
FIFO overflow!
0.00 , 1
25.68 , 2
0.00 , 3
0.00 , 4
0.00 , 5
-0.00 , 6
0.00 , 7
0.00 , 8
0.00 , 9
0.00 , 10
0.00 , 11
0.00 , 12
0.00 , 13
0.00 , 14
0.00 , 15
0.00 , 16
0.00 , 17
0.00 , 18
0.00 , 19
0.00 , 20
0.00 , 21
0.00 , 22
0.00 , 23
0.00 , 24
0.48 , 25
0.48 , 26
0.50 , 27
0.95 , 28
0.95 , 29
1.82 , 30
1.82 , 31
2.00 , 32
3.00 , 33
3.18 , 34
3.18 , 35
3.18 , 36
3.18 , 37
3.50 , 38
3.50 , 39
4.55 , 40
5.00 , 41
5.00 , 42
5.00 , 43
5.00 , 44
5.91 , 45
5.91 , 46
6.50 , 47
8.10 , 48
8.10 , 49
8.10 , 50
8.10 , 51
8.10 , 52
8.10 , 53
8.18 , 54
8.57 , 55
9.52 , 56
10.00 , 57
10.45 , 58
10.45 , 59
10.45 , 60
10.91 , 61
10.91 , 62
11.50 , 63
11.50 , 64
11.50 , 65
12.00 , 66
12.27 , 67
12.72 , 68
12.73 , 69
12.73 , 70
12.73 , 71
13.00 , 72
13.50 , 73
13.50 , 72
13.50 , 71
13.50 , 70
13.50 , 69
13.50 , 68
14.00 , 67
14.00 , 66
14.50 , 65
14.54 , 64
14.50 , 63
14.75 , 62
14.75 , 61
14.75 , 60
14.75 , 59
14.75 , 58
14.75 , 57
15.24 , 56
14.75 , 55
15.00 , 54
15.00 , 53
14.50 , 52
14.50 , 51
14.50 , 50
13.50 , 49
13.50 , 48
13.24 , 47
13.50 , 46
13.24 , 45
13.24 , 44
13.00 , 43
13.24 , 42
13.00 , 41
13.00 , 40
13.00 , 39
13.00 , 38
12.78 , 37
10.50 , 36
10.50 , 35
10.50 , 34
10.00 , 33
9.13 , 32
9.03 , 31
8.50 , 30
7.62 , 29
7.62 , 28
7.62 , 27
7.62 , 26
7.62 , 25
7.62 , 24
7.62 , 23
7.62 , 22
7.62 , 21
7.62 , 20
7.62 , 19
7.62 , 18
7.62 , 17
7.62 , 16
7.62 , 15
3.50 , 14
3.50 , 13
4.55 , 12
3.50 , 11
2.00 , 10
1.37 , 9
1.37 , 8
2.00 , 7
3.50 , 6
2.00 , 5
2.00 , 4
1.37 , 3
1.37 , 2
1.37 , 1
1.37 , 0
0.95 , -1
0.95 , -2
0.00 , -3
0.00 , -4
0.50 , -5
0.95 , -6
0.95 , -7
0.50 , -8
-0.48 , -9
0.50 , -10
0.50 , -11
0.50 , -12
0.50 , -13
0.50 , -14
0.50 , -15
0.00 , -16
-0.00 , -17
0.00 , -18
0.00 , -19
-0.00 , -20
-1.00 , -21
-0.00 , -22
-0.00 , -23
0.00 , -24
-0.00 , -25
-5.00 , -26
-5.00 , -27
-5.00 , -28
-5.00 , -29
-5.00 , -30
-5.00 , -31
-3.00 , -32
-3.00 , -33
-5.00 , -34
-3.00 , -35
-3.00 , -36
-3.00 , -37
-0.00 , -38
-3.00 , -39
-0.00 , -40
-0.00 , -41
-3.00 , -42
-0.00 , -43
-0.00 , -44
-0.00 , -45
-0.00 , -46
-1.50 , -47
-4.09 , -48
-4.09 , -49
-4.09 , -50
-5.46 , -51
-5.46 , -52
-6.00 , -53
-6.00 , -54
-6.00 , -55
-6.00 , -56
-6.50 , -57
-9.50 , -58
-6.50 , -59
-6.50 , -60
-6.50 , -61
-8.09 , -62
-8.09 , -63
-8.09 , -64
-10.37 , -65
-10.37 , -66
-10.47 , -67
-10.37 , -68
-10.37 , -69
-10.37 , -70
-8.09 , -71
-8.09 , -72
-8.09 , -73
-8.09 , -74
-7.61 , -75
-7.61 , -76
-7.61 , -77
-7.61 , -78
-10.16 , -79
16.12 , -80
0.00 , -81
8.70 , -82
0.00 , -83
0.00 , -84
-10.16 , -85
-10.16 , -86
-7.49 , -87
-3.06 , -88
-6.00 , -89
-6.00 , -90
-6.00 , -91
-4.10 , -92
-3.06 , -93
-3.06 , -94
-3.06 , -95
-3.06 , -96
-3.06 , -97
-3.06 , -98
-3.06 , -99
-1.00 , -100
-1.00 , -101
-0.84 , -102
-1.00 , -103
-0.84 , -104
-0.35 , -105
-0.35 , -106
-0.08 , -107
0.00 , -108
0.00 , -109
0.00 , -110
0.00 , -111
0.00 , -112
0.00 , -113
0.00 , -114
0.00 , -115
0.00 , -116
0.00 , -117
0.00 , -118
0.00 , -119
0.00 , -120
0.00 , -121
0.00 , -122
0.00 , -123
0.00 , -124
0.00 , -125
0.00 , -126
0.00 , -127
0.45 , -128
0.00 , -129
0.00 , -130
0.00 , -131
-0.00 , -132
-0.00 , -133
-0.00 , -134
-0.00 , -135
-0.45 , -136
-0.00 , -137
-0.00 , -138
-0.00 , -139
-0.00 , -140
-0.00 , -141
-0.00 , -142
-0.00 , -143
-0.00 , -144
-0.00 , -145
-0.00 , -146
-0.00 , -147
-0.00 , -148
0.00 , -149
0.00 , -150
0.00 , -151
0.00 , -152
0.00 , -153
0.00 , -154
0.00 , -155
0.00 , -156
0.00 , -157
0.00 , -158
0.00 , -159
0.00 , -160
-0.43 , -161
0.00 , -162
0.00 , -163
-0.00 , -164
-0.00 , -165
-0.00 , -166
-0.00 , -167
-0.00 , -168
0.00 , -169
0.00 , -170
0.00 , -171
-0.00 , -172
-0.00 , -173
-0.00 , -174
-0.00 , -175
0.00 , -176
-0.00 , -177
-0.00 , -178
-0.00 , -179
-0.00 , -180
-0.00 , -181
-0.00 , -182
-0.00 , -183
-0.00 , -184
-0.00 , -185
-0.00 , -186
-0.00 , -187
0.00 , -188
0.00 , -189
0.00 , -190
0.00 , -191
0.00 , -192
0.00 , -193
0.00 , -194
0.00 , -195
0.00 , -196
0.00 , -197
0.00 , -198
0.00 , -199
0.00 , -200
0.00 , -201
0.00 , -202
0.00 , -203
0.00 , -204
0.00 , -205
-0.00 , -206
-0.00 , -207
-0.00 , -208
-0.00 , -209
0.00 , -210
0.43 , -211
0.00 , -212
0.00 , -213
0.00 , -214
0.00 , -215
0.00 , -216
0.00 , -217
0.00 , -218
0.00 , -219
0.00 , -220
0.00 , -221
0.00 , -222
0.00 , -223
0.00 , -224
0.00 , -225
0.00 , -226
0.00 , -227
0.00 , -228
0.00 , -229
0.00 , -230
0.00 , -231
0.00 , -232
0.00 , -233
0.00 , -234
0.00 , -235
0.00 , -236
0.00 , -237
0.00 , -238
0.00 , -239
0.00 , -240
0.00 , -241
0.00 , -242
0.00 , -243
0.00 , -244
0.00 , -245
0.00 , -246
0.00 , -247
0.00 , -248
0.00 , -249
0.00 , -250
0.00 , -251
0.00 , -252
0.00 , -253
0.00 , -254
0.00 , -255
0.00 , -256
0.00 , -257
0.00 , -258
0.00 , -259
0.00 , -260
0.00 , -261
0.00 , -262
0.00 , -263
0.00 , -264
0.00 , -265
