Offsets : 0.89 0.14 0.06
Calibrated
FIFO overflow!
0.0021084481
19.2521084482
0.3821084483
0.1921084484
0.0021084485
0.0021084486
0.0021084487
0.0021084488
0.0021084489
0.00210844810
0.00210844811
0.00210844812
0.00210844813
0.00210844814
0.00210844815
0.00210844816
0.00210844817
0.00210844818
0.00210844819
0.37210844820
0.37210844821
0.38210844822
0.39210844823
0.40210844824
0.74210844825
1.60210844826
1.85210844827
1.92210844828
1.92210844829
2.31210844830
2.31210844831
2.80210844832
2.96210844833
2.96210844834
2.96210844835
4.40210844836
4.44210844837
4.44210844838
5.00210844839
5.38210844840
5.56210844841
5.93210844842
5.93210844843
5.93210844844
5.93210844845
6.67210844846
7.20210844847
6.67210844848
7.60210844849
7.69210844850
8.52210844851
9.20210844852
9.20210844853
9.23210844854
9.20210844855
11.20210844856
11.48210844857
11.48210844858
11.54210844859
11.48210844860
11.54210844861
11.85210844862
11.85210844863
11.85210844864
11.85210844865
13.60210844866
13.60210844867
13.85210844868
13.60210844869
13.85210844870
13.85210844871
13.60210844872
13.85210844873
13.60210844872
14.79210844871
14.76210844870
14.76210844869
14.76210844868
13.64210844867
14.76210844866
13.64210844865
13.64210844864
13.64210844863
13.64210844862
13.64210844861
13.39210844860
13.39210844859
12.90210844858
13.39210844857
13.39210844856
12.90210844855
13.39210844854
12.90210844853
13.39210844852
12.62210844851
13.39210844850
14.00210844849
14.00210844848
14.00210844847
14.00210844846
14.00210844845
14.00210844844
14.40210844843
14.00210844842
14.00210844841
14.40210844840
14.00210844839
14.00210844838
14.00210844837
14.00210844836
14.00210844835
14.40210844834
14.40210844833
14.40210844832
10.00210844831
14.82210844830
14.82210844829
