Measurement unit set to MM
48
Measurement unit set to MM
48
Offsets : 0.85 0.14 0.06
Calibrated
FIFO overflow!
0.00
30.23
0.00
-0.00
0.00
0.23
0.00
0.00
0.00
0.00
0.00
0.00
0.00
0.00
0.00
0.00
0.00
0.00
0.46
0.50
0.50
0.91
0.95
1.00
1.00
1.00
1.00
1.00
1.37
1.43
1.90
2.38
2.38
2.38
2.73
2.86
2.86
3.33
4.29
4.76
5.00
5.24
5.45
5.71
5.71
6.19
6.82
6.82
6.82
6.82
8.00
8.00
8.50
8.50
9.09
9.09
9.50
9.50
10.46
10.50
10.50
10.91
10.91
10.91
10.91
10.91
10.91
11.36
11.82
11.82
11.82
12.86
13.00
13.18
13.00
13.18
13.18
13.63
14.00
13.63
13.63
13.63
13.63
14.00
14.00
14.00
14.00
14.08
14.73
14.76
14.73
14.73
14.26
14.26
14.26
14.73
14.26
14.73
14.26
14.73
14.26
14.26
13.81
13.81
12.39
11.82
11.82
10.51
10.51
10.44
10.03
10.44
10.03
10.44
10.03
9.55
10.00
10.00
10.00
10.44
10.00
9.10
9.10
9.05
9.05
9.05
9.05
9.05
9.05
9.05
9.05
5.24
5.24
5.24
4.29
4.29
4.29
1.43
0.00
0.00
0.00
-0.00
0.00
0.00
0.00
0.00
0.00
-0.00
-0.45
-0.00
-0.00
0.00
-0.00
0.00
-0.45
0.00
0.00
0.00
-0.45
-0.91
-0.91
-0.91
0.00
0.00
0.00
-0.91
-1.00
-0.91
-0.91
0.00
-0.91
0.00
0.00
0.00
0.46
0.46
0.46
0.46
0.46
0.00
0.00
0.00
0.00
-0.46
-1.00
-1.00
-1.00
-1.00
-1.00
-1.00
-3.34
-3.34
-5.73
-3.34
-5.73
-5.73
-3.34
-3.34
-5.73
-5.73
-5.73
-6.19
-6.19
-7.62
-8.68
-8.68
-9.50
-9.50
-11.00
-11.00
-11.35
-11.35
-11.35
-11.35
-11.00
-9.50
-11.00
-11.00
-15.53
-16.57
-16.63
-22.00
-22.87
-29.09
-29.09
-29.09
-29.09
-29.09
-26.60
-26.60
-26.60
-22.87
-21.48
-20.74
-19.03
-17.46
